0 1 0 0 0.87955319
0.01 1.0000054 0.0087955319 0.0010872473 0.87937453
0.02 1.0000217 0.017587491 0.0021675062 0.87883886
0.03 1.0000488 0.026372309 0.0032338267 0.87794718
0.04 1.0000864 0.035146434 0.0042793356 0.87670114
0.05 1.0001344 0.043906332 0.0052972735 0.87510302
0.06 1.0001924 0.052648494 0.0062810308 0.87315576
0.07 1.00026 0.061369447 0.0072241822 0.87086287
0.08 1.0003369 0.070065752 0.0081205182 0.8682285
0.09 1.0004224 0.078734017 0.0089640758 0.86525733
0.1 1.0005161 0.087370898 0.0097491652 0.86195459
0.11 1.0006174 0.095973108 0.010470394 0.85832604
0.12 1.0007255 0.10453742 0.011122689 0.85437789
0.13 1.0008398 0.11306067 0.011701314 0.85011681
0.14 1.0009596 0.12153976 0.012201887 0.8455499
0.15 1.0010839 0.12997166 0.012620386 0.84068461
0.16 1.001212 0.13835345 0.012953167 0.83552875
0.17 1.0013429 0.14668224 0.01319696 0.83009043
0.18 1.0014759 0.15495526 0.013348881 0.82437802
0.19 1.0016099 0.1631698 0.013406424 0.81840015
0.2 1.001744 0.17132326 0.013367463 0.81216563
0.21 1.0018773 0.17941311 0.013230246 0.80568345
0.22 1.0020086 0.18743693 0.012993386 0.79896273
0.23 1.0021371 0.19539237 0.012655856 0.79201269
0.24 1.0022618 0.20327718 0.012216973 0.78484265
0.25 1.0023815 0.21108922 0.011676389 0.77746195
0.26 1.0024953 0.21882642 0.011034077 0.76987997
0.27 1.0026022 0.22648682 0.010290313 0.76210607
0.28 1.0027011 0.23406854 0.0094456668 0.75414962
0.29 1.0027911 0.24156981 0.0085009791 0.7460199
0.3 1.0028711 0.24898894 0.0074573493 0.73772615
0.31 1.0029402 0.25632434 0.006316117 0.72927754
0.32 1.0029974 0.26357449 0.0050788449 0.72068312
0.33 1.0030418 0.270738 0.0037473024 0.71195184
0.34 1.0030724 0.27781353 0.0023234485 0.70309252
0.35 1.0030883 0.28479985 0.00080941489 0.69411385
0.36 1.0030886 0.29169581 -0.00079250951 0.68502436
0.37 1.0030724 0.29850034 -0.002479895 0.67583244
0.38 1.003039 0.30521246 -0.0042501862 0.66654631
0.39 1.0029874 0.31183127 -0.0061007165 0.65717403
0.4 1.0029169 0.31835594 -0.0080287228 0.64772348
0.41 1.0028268 0.32478574 -0.010031358 0.63820236
0.42 1.0027163 0.33111999 -0.012105706 0.62861817
0.43 1.0025847 0.3373581 -0.014248791 0.61897826
0.44 1.0024313 0.34349956 -0.016457592 0.60928977
0.45 1.0022556 0.3495439 -0.01872905 0.59955964
0.46 1.0020568 0.35549075 -0.021060083 0.58979464
0.47 1.0018344 0.3613398 -0.023447592 0.58000134
0.48 1.0015878 0.36709078 -0.02588847 0.57018612
0.49 1.0013166 0.37274352 -0.028379614 0.56035515
0.5 1.0010202 0.37829789 -0.030917928 0.55051443
0.51 1.0006982 0.38375381 -0.033500332 0.54066976
0.52 1.0003502 0.38911128 -0.036123771 0.53082677
0.53 0.99997575 0.39437035 -0.038785215 0.52099086
0.54 0.99957449 0.3995311 -0.041481672 0.51116729
0.55 0.99914611 0.4045937 -0.044210188 0.5013611
0.56 0.99869029 0.40955833 -0.046967852 0.49157718
0.57 0.99820675 0.41442524 -0.049751803 0.4818202
0.58 0.99769525 0.41919473 -0.052559229 0.4720947
0.59 0.99715557 0.42386714 -0.055387375 0.46240501
0.6 0.9965875 0.42844283 -0.058233544 0.45275529
0.61 0.99599089 0.43292224 -0.061095099 0.44314955
0.62 0.9953656 0.43730583 -0.063969464 0.43359162
0.63 0.9947115 0.44159408 -0.06685413 0.42408517
0.64 0.99402852 0.44578753 -0.069746654 0.41463369
0.65 0.99331657 0.44988675 -0.07264466 0.40524055
0.66 0.99257562 0.45389235 -0.075545841 0.39590893
0.67 0.99180565 0.45780494 -0.07844796 0.38664188
0.68 0.99100666 0.46162518 -0.081348849 0.37744228
0.69 0.99017867 0.46535378 -0.084246411 0.36831288
0.7 0.98932173 0.46899144 -0.087138623 0.35925629
0.71 0.9884359 0.47253891 -0.090023529 0.35027496
0.72 0.98752126 0.47599695 -0.092899247 0.34137123
0.73 0.98657791 0.47936634 -0.095763964 0.33254729
0.74 0.98560598 0.48264789 -0.098615939 0.3238052
0.75 0.98460559 0.48584244 -0.1014535 0.3151469
0.76 0.98357691 0.48895083 -0.10427504 0.30657419
0.77 0.98252009 0.49197393 -0.10707903 0.29808878
0.78 0.98143533 0.49491261 -0.10986401 0.28969224
0.79 0.98032281 0.49776777 -0.11262857 0.28138602
0.8 0.97918276 0.50054033 -0.11537138 0.27317147
0.81 0.97801538 0.5032312 -0.11809118 0.26504984
0.82 0.97682093 0.50584133 -0.12078676 0.25702226
0.83 0.97559965 0.50837165 -0.12345697 0.24908976
0.84 0.97435179 0.51082313 -0.12610075 0.24125328
0.85 0.97307763 0.51319672 -0.12871706 0.23351365
0.86 0.97177745 0.5154934 -0.13130496 0.22587162
0.87 0.97045153 0.51771415 -0.13386353 0.21832785
0.88 0.96910018 0.51985996 -0.13639193 0.2108829
0.89 0.96772369 0.52193181 -0.13888937 0.20353725
0.9 0.96632239 0.52393071 -0.14135511 0.19629132
0.91 0.96489659 0.52585764 -0.14378847 0.18914542
0.92 0.96344662 0.52771361 -0.1461888 0.18209981
0.93 0.96197281 0.52949964 -0.14855553 0.17515465
0.94 0.96047551 0.53121671 -0.15088812 0.16831005
0.95 0.95895505 0.53286584 -0.15318608 0.16156606
0.96 0.95741179 0.53444803 -0.15544895 0.15492264
0.97 0.95584607 0.53596429 -0.15767634 0.14837971
0.98 0.95425826 0.53741563 -0.15986789 0.1419371
0.99 0.95264871 0.53880304 -0.16202327 0.13559463
1 0.95101779 0.54012752 -0.16414221 0.12935202
1.01 0.94936587 0.54139008 -0.16622446 0.12320897
1.02 0.9476933 0.5425917 -0.16826982 0.1171651
1.03 0.94600047 0.54373338 -0.17027812 0.11122
1.04 0.94428774 0.5448161 -0.17224922 0.10537322
1.05 0.94255549 0.54584084 -0.17418302 0.099624256
1.06 0.94080408 0.54680859 -0.17607944 0.093972562
1.07 0.9390339 0.5477203 -0.17793845 0.088417557
1.08 0.93724531 0.54857694 -0.17976002 0.082958621
1.09 0.9354387 0.54937947 -0.18154418 0.077595101
1.1 0.93361443 0.55012884 -0.18329097 0.072326307
1.11 0.93177288 0.550826 -0.18500045 0.067151521
1.12 0.92991442 0.55147187 -0.1866727 0.062069994
1.13 0.92803942 0.5520674 -0.18830786 0.057080948
1.14 0.92614826 0.55261349 -0.18990604 0.052183581
1.15 0.9242413 0.55311107 -0.1914674 0.047377066
1.16 0.92231891 0.55356103 -0.19299213 0.042660553
1.17 0.92038146 0.55396428 -0.19448041 0.03803317
1.18 0.9184293 0.5543217 -0.19593246 0.033494028
1.19 0.91646281 0.55463416 -0.19734851 0.029042217
1.2 0.91448233 0.55490254 -0.1987288 0.024676811
1.21 0.91248823 0.5551277 -0.20007359 0.020396871
1.22 0.91048086 0.55531048 -0.20138315 0.01620144
1.23 0.90846057 0.55545173 -0.20265778 0.012089552
1.24 0.90642771 0.55555227 -0.20389777 0.0080602277
1.25 0.90438261 0.55561293 -0.20510343 0.0041124776
1.26 0.90232564 0.55563452 -0.20627509 0.00024530355
1.27 0.90025711 0.55561784 -0.20741307 -0.0035423005
1.28 0.89817738 0.55556368 -0.20851773 -0.0072513477
1.29 0.89608676 0.55547281 -0.2095894 -0.010882857
1.3 0.89398559 0.55534602 -0.21062846 -0.014437852
1.31 0.89187419 0.55518406 -0.21163525 -0.017917361
1.32 0.88975288 0.55498767 -0.21261017 -0.021322414
1.33 0.88762199 0.55475761 -0.21355357 -0.024654043
1.34 0.88548181 0.55449459 -0.21446586 -0.027913284
1.35 0.88333267 0.55419934 -0.21534741 -0.031101171
1.36 0.88117486 0.55387257 -0.21619863 -0.034218738
1.37 0.8790087 0.55351497 -0.2170199 -0.037267018
1.38 0.87683446 0.55312723 -0.21781163 -0.040247043
1.39 0.87465246 0.55271003 -0.21857422 -0.043159842
1.4 0.87246298 0.55226403 -0.21930808 -0.046006442
1.41 0.8702663 0.5517899 -0.22001362 -0.048787866
1.42 0.86806271 0.55128827 -0.22069124 -0.051505131
1.43 0.86585248 0.5507598 -0.22134137 -0.054159253
1.44 0.86363588 0.55020509 -0.2219644 -0.056751239
1.45 0.86141319 0.54962477 -0.22256076 -0.059282093
1.46 0.85918466 0.54901945 -0.22313085 -0.061752813
1.47 0.85695057 0.54838972 -0.22367509 -0.064164387
1.48 0.85471116 0.54773616 -0.22419389 -0.066517801
1.49 0.85246669 0.54705936 -0.22468766 -0.068814031
1.5 0.85021741 0.54635988 -0.22515681 -0.071054044
1.51 0.84796356 0.54563828 -0.22560176 -0.073238802
1.52 0.84570537 0.5448951 -0.2260229 -0.075369257
1.53 0.8434431 0.54413089 -0.22642065 -0.077446353
1.54 0.84117696 0.54334618 -0.22679541 -0.079471025
1.55 0.83890719 0.54254147 -0.22714757 -0.081444199
1.56 0.83663401 0.54171729 -0.22747755 -0.08336679
1.57 0.83435764 0.54087414 -0.22778573 -0.085239707
1.58 0.8320783 0.5400125 -0.22807251 -0.087063847
1.59 0.82979619 0.53913286 -0.22833828 -0.088840097
1.6 0.82751153 0.5382357 -0.22858343 -0.090569334
1.61 0.82522452 0.53732147 -0.22880835 -0.092252427
1.62 0.82293536 0.53639065 -0.2290134 -0.093890231
1.63 0.82064425 0.53544367 -0.22919898 -0.095483593
1.64 0.81835138 0.53448098 -0.22936546 -0.09703335
1.65 0.81605694 0.533503 -0.2295132 -0.098540326
1.66 0.81376112 0.53251017 -0.22964257 -0.10000534
1.67 0.81146409 0.5315029 -0.22975394 -0.10142919
1.68 0.80916604 0.53048159 -0.22984766 -0.10281267
1.69 0.80686714 0.52944664 -0.22992409 -0.10415656
1.7 0.80456756 0.52839846 -0.22998358 -0.10546165
1.71 0.80226747 0.52733741 -0.23002648 -0.10672867
1.72 0.79996703 0.52626388 -0.23005312 -0.1079584
1.73 0.7976664 0.52517824 -0.23006385 -0.10915156
1.74 0.79536575 0.52408085 -0.230059 -0.11030888
1.75 0.79306522 0.52297206 -0.2300389 -0.11143109
1.76 0.79076497 0.52185223 -0.23000387 -0.11251888
1.77 0.78846515 0.52072169 -0.22995424 -0.11357296
1.78 0.78616589 0.51958077 -0.22989032 -0.114594
1.79 0.78386734 0.51842981 -0.22981241 -0.11558269
1.8 0.78156964 0.51726912 -0.22972084 -0.11653968
1.81 0.77927292 0.51609901 -0.2296159 -0.11746563
1.82 0.77697732 0.5149198 -0.22949789 -0.11836119
1.83 0.77468297 0.51373179 -0.2293671 -0.11922697
1.84 0.77238998 0.51253526 -0.22922383 -0.12006361
1.85 0.77009849 0.51133052 -0.22906836 -0.12087172
1.86 0.76780861 0.51011783 -0.22890096 -0.1216519
1.87 0.76552047 0.50889748 -0.22872192 -0.12240473
1.88 0.76323417 0.50766973 -0.2285315 -0.1231308
1.89 0.76094984 0.50643486 -0.22832998 -0.12383069
1.9 0.75866758 0.50519312 -0.22811762 -0.12450494
1.91 0.75638749 0.50394476 -0.22789467 -0.12515412
1.92 0.75410968 0.50269004 -0.22766139 -0.12577876
1.93 0.75183426 0.50142919 -0.22741803 -0.12637939
1.94 0.74956132 0.50016245 -0.22716484 -0.12695655
1.95 0.74729096 0.49889006 -0.22690206 -0.12751073
1.96 0.74502328 0.49761224 -0.22662992 -0.12804245
1.97 0.74275836 0.49632921 -0.22634866 -0.1285522
1.98 0.74049631 0.49504119 -0.2260585 -0.12904047
1.99 0.73823719 0.4937484 -0.22575968 -0.12950773
2 0.73598111 0.49245104 -0.22545241 -0.12995445
2.01 0.73372815 0.49114931 -0.22513692 -0.13038108
2.02 0.73147837 0.48984342 -0.2248134 -0.13078809
2.03 0.72923188 0.48853355 -0.22448208 -0.13117591
2.04 0.72698873 0.4872199 -0.22414316 -0.13154497
2.05 0.72474901 0.48590265 -0.22379684 -0.13189571
2.06 0.7225128 0.48458198 -0.22344332 -0.13222854
2.07 0.72028015 0.48325808 -0.2230828 -0.13254386
2.08 0.71805114 0.48193111 -0.22271545 -0.13284208
2.09 0.71582584 0.48060124 -0.22234147 -0.1331236
2.1 0.71360431 0.47926863 -0.22196105 -0.13338879
2.11 0.71138662 0.47793346 -0.22157436 -0.13363804
2.12 0.70917282 0.47659587 -0.22118158 -0.13387172
2.13 0.70696299 0.47525603 -0.22078289 -0.1340902
2.14 0.70475717 0.47391407 -0.22037844 -0.13429382
2.15 0.70255542 0.47257015 -0.21996841 -0.13448294
2.16 0.7003578 0.47122441 -0.21955296 -0.1346579
2.17 0.69816436 0.46987699 -0.21913226 -0.13481904
2.18 0.69597515 0.46852803 -0.21870645 -0.13496668
2.19 0.69379023 0.46717766 -0.21827569 -0.13510115
2.2 0.69160964 0.46582601 -0.21784012 -0.13522276
2.21 0.68943343 0.4644732 -0.21739991 -0.13533183
2.22 0.68726164 0.46311937 -0.21695519 -0.13542865
2.23 0.68509432 0.46176463 -0.2165061 -0.13551352
2.24 0.68293152 0.4604091 -0.21605278 -0.13558674
2.25 0.68077327 0.4590529 -0.21559536 -0.13564859
2.26 0.67861961 0.45769613 -0.21513399 -0.13569934
2.27 0.67647059 0.45633891 -0.21466878 -0.13573927
2.28 0.67432624 0.45498134 -0.21419987 -0.13576865
2.29 0.67218659 0.45362354 -0.21372738 -0.13578773
2.3 0.67005169 0.45226559 -0.21325143 -0.13579678
2.31 0.66792156 0.4509076 -0.21277214 -0.13579605
2.32 0.66579625 0.44954967 -0.21228963 -0.13578578
2.33 0.66367577 0.44819188 -0.21180401 -0.13576621
2.34 0.66156017 0.44683434 -0.21131539 -0.13573758
2.35 0.65944946 0.44547713 -0.21082389 -0.13570012
2.36 0.65734369 0.44412034 -0.21032961 -0.13565405
2.37 0.65524287 0.44276405 -0.20983265 -0.13559959
2.38 0.65314703 0.44140835 -0.20933311 -0.13553696
2.39 0.65105621 0.44005331 -0.20883111 -0.13546638
2.4 0.64897041 0.43869902 -0.20832673 -0.13538804
2.41 0.64688967 0.43734555 -0.20782007 -0.13530216
2.42 0.64481401 0.43599298 -0.20731122 -0.13520892
2.43 0.64274345 0.43464137 -0.20680028 -0.13510853
2.44 0.64067801 0.43329081 -0.20628733 -0.13500117
2.45 0.6386177 0.43194135 -0.20577247 -0.13488702
2.46 0.63656256 0.43059307 -0.20525577 -0.13476628
2.47 0.63451259 0.42924602 -0.20473733 -0.13463911
2.48 0.63246781 0.42790029 -0.20421722 -0.13450569
2.49 0.63042824 0.42655591 -0.20369552 -0.13436619
2.5 0.6283939 0.42521296 -0.20317231 -0.13422078
2.51 0.6263648 0.4238715 -0.20264768 -0.13406961
2.52 0.62434095 0.42253157 -0.20212168 -0.13391285
2.53 0.62232236 0.42119324 -0.2015944 -0.13375066
2.54 0.62030906 0.41985656 -0.20106591 -0.13358317
2.55 0.61830104 0.41852157 -0.20053627 -0.13341055
2.56 0.61629833 0.41718835 -0.20000555 -0.13323294
2.57 0.61430093 0.41585692 -0.19947383 -0.13305048
2.58 0.61230886 0.41452734 -0.19894116 -0.1328633
2.59 0.61032211 0.41319965 -0.19840761 -0.13267155
2.6 0.6083407 0.4118739 -0.19787323 -0.13247536
2.61 0.60636465 0.41055014 -0.1973381 -0.13227485
2.62 0.60439394 0.40922841 -0.19680227 -0.13207016
2.63 0.6024286 0.40790874 -0.19626579 -0.1318614
2.64 0.60046863 0.40659118 -0.19572873 -0.1316487
2.65 0.59851403 0.40527577 -0.19519113 -0.13143218
2.66 0.5965648 0.40396254 -0.19465305 -0.13121195
2.67 0.59462096 0.40265153 -0.19411455 -0.13098812
2.68 0.59268251 0.40134277 -0.19357567 -0.13076082
2.69 0.59074945 0.40003631 -0.19303646 -0.13053013
2.7 0.58882178 0.39873217 -0.19249698 -0.13029617
2.71 0.58689951 0.39743039 -0.19195727 -0.13005905
2.72 0.58498264 0.39613099 -0.19141737 -0.12981886
2.73 0.58307116 0.39483401 -0.19087733 -0.1295757
2.74 0.58116509 0.39353948 -0.19033719 -0.12932967
2.75 0.57926442 0.39224742 -0.189797 -0.12908087
2.76 0.57736915 0.39095786 -0.1892568 -0.12882937
2.77 0.57547928 0.38967083 -0.18871664 -0.12857528
2.78 0.57359482 0.38838635 -0.18817653 -0.12831868
2.79 0.57171575 0.38710446 -0.18763654 -0.12805966
2.8 0.56984209 0.38582516 -0.18709669 -0.12779829
2.81 0.56797382 0.38454849 -0.18655703 -0.12753467
2.82 0.56611095 0.38327447 -0.18601758 -0.12726887
2.83 0.56425347 0.38200311 -0.18547839 -0.12700097
2.84 0.56240138 0.38073445 -0.18493948 -0.12673105
2.85 0.56055468 0.37946849 -0.18440089 -0.12645917
2.86 0.55871336 0.37820526 -0.18386265 -0.12618542
2.87 0.55687743 0.37694478 -0.1833248 -0.12590986
2.88 0.55504687 0.37568707 -0.18278736 -0.12563256
2.89 0.55322168 0.37443213 -0.18225037 -0.1253536
2.9 0.55140186 0.37317999 -0.18171385 -0.12507303
2.91 0.5495874 0.37193067 -0.18117783 -0.12479092
2.92 0.5477783 0.37068418 -0.18064234 -0.12450733
2.93 0.54597455 0.36944052 -0.1801074 -0.12422233
2.94 0.54417615 0.36819973 -0.17957305 -0.12393597
2.95 0.54238309 0.36696181 -0.1790393 -0.12364832
2.96 0.54059537 0.36572676 -0.17850619 -0.12335942
2.97 0.53881297 0.36449462 -0.17797373 -0.12306934
2.98 0.53703589 0.36326538 -0.17744195 -0.12277814
2.99 0.53526413 0.36203905 -0.17691087 -0.12248585
3 0.53349768 0.36081566 -0.17638051 -0.12219254
3.01 0.53173652 0.3595952 -0.1758509 -0.12189826
3.02 0.52998066 0.35837769 -0.17532206 -0.12160305
3.03 0.52823008 0.35716314 -0.174794 -0.12130697
3.04 0.52648478 0.35595155 -0.17426674 -0.12101006
3.05 0.52474474 0.35474294 -0.17374032 -0.12071236
3.06 0.52300997 0.35353731 -0.17321473 -0.12041392
3.07 0.52128045 0.35233466 -0.17269001 -0.12011479
3.08 0.51955617 0.35113501 -0.17216617 -0.11981501
3.09 0.51783713 0.34993836 -0.17164322 -0.11951461
3.1 0.51612331 0.34874472 -0.17112119 -0.11921365
3.11 0.5144147 0.34755409 -0.17060008 -0.11891215
3.12 0.51271131 0.34636648 -0.17007992 -0.11861016
3.13 0.5110131 0.34518189 -0.16956072 -0.11830771
3.14 0.50932009 0.34400032 -0.16904249 -0.11800485
3.15 0.50763225 0.34282179 -0.16852525 -0.11770161
3.16 0.50594959 0.34164629 -0.16800901 -0.11739801
3.17 0.50427207 0.34047383 -0.16749379 -0.11709411
3.18 0.50259971 0.33930441 -0.16697959 -0.11678992
3.19 0.50093248 0.33813803 -0.16646644 -0.11648548
3.2 0.49927038 0.3369747 -0.16595434 -0.11618083
3.21 0.4976134 0.33581441 -0.1654433 -0.11587599
3.22 0.49596152 0.33465718 -0.16493334 -0.115571
3.23 0.49431473 0.33350299 -0.16442447 -0.11526587
3.24 0.49267303 0.33235186 -0.16391669 -0.11496065
3.25 0.4910364 0.33120378 -0.16341002 -0.11465536
3.26 0.48940483 0.33005875 -0.16290447 -0.11435003
3.27 0.48777831 0.32891678 -0.16240004 -0.11404468
3.28 0.48615682 0.32777786 -0.16189675 -0.11373933
3.29 0.48454037 0.32664199 -0.16139461 -0.11343402
3.3 0.48292893 0.32550918 -0.16089362 -0.11312877
3.31 0.4813225 0.32437942 -0.16039379 -0.1128236
3.32 0.47972106 0.32325271 -0.15989514 -0.11251853
3.33 0.4781246 0.32212905 -0.15939766 -0.11221359
3.34 0.4765331 0.32100844 -0.15890136 -0.1119088
3.35 0.47494657 0.31989087 -0.15840626 -0.11160418
3.36 0.47336498 0.31877635 -0.15791236 -0.11129975
3.37 0.47178832 0.31766488 -0.15741966 -0.11099553
3.38 0.47021659 0.31655644 -0.15692818 -0.11069154
3.39 0.46864976 0.31545105 -0.15643791 -0.11038781
3.4 0.46708783 0.31434869 -0.15594887 -0.11008434
3.41 0.46553078 0.31324936 -0.15546106 -0.10978115
3.42 0.46397861 0.31215306 -0.15497448 -0.10947828
3.43 0.46243129 0.31105979 -0.15448915 -0.10917572
3.44 0.46088882 0.30996955 -0.15400505 -0.1088735
3.45 0.45935119 0.30888232 -0.15352221 -0.10857164
3.46 0.45781838 0.30779812 -0.15304063 -0.10827015
3.47 0.45629038 0.30671692 -0.1525603 -0.10796904
3.48 0.45476717 0.30563873 -0.15208124 -0.10766834
3.49 0.45324875 0.30456355 -0.15160344 -0.10736805
3.5 0.4517351 0.30349137 -0.15112691 -0.10706819
3.51 0.45022621 0.30242219 -0.15065166 -0.10676877
3.52 0.44872207 0.301356 -0.15017768 -0.10646981
3.53 0.44722266 0.30029279 -0.14970499 -0.10617132
3.54 0.44572797 0.29923257 -0.14923358 -0.10587332
3.55 0.44423799 0.29817533 -0.14876345 -0.1055758
3.56 0.4427527 0.29712106 -0.14829461 -0.1052788
3.57 0.4412721 0.29606975 -0.14782707 -0.10498231
3.58 0.43979616 0.29502141 -0.14736082 -0.10468635
3.59 0.43832488 0.29397602 -0.14689586 -0.10439094
3.6 0.43685824 0.29293359 -0.1464322 -0.10409607
3.61 0.43539624 0.2918941 -0.14596984 -0.10380177
3.62 0.43393885 0.29085756 -0.14550878 -0.10350803
3.63 0.43248606 0.28982394 -0.14504903 -0.10321488
3.64 0.43103787 0.28879326 -0.14459058 -0.10292232
3.65 0.42959425 0.2877655 -0.14413344 -0.10263036
3.66 0.4281552 0.28674065 -0.1436776 -0.10233901
3.67 0.4267207 0.28571872 -0.14322307 -0.10204827
3.68 0.42529074 0.28469969 -0.14276985 -0.10175816
3.69 0.4238653 0.28368355 -0.14231794 -0.10146868
3.7 0.42244438 0.28267031 -0.14186734 -0.10117984
3.71 0.42102795 0.28165996 -0.14141805 -0.10089166
3.72 0.41961602 0.28065248 -0.14097007 -0.10060413
3.73 0.41820855 0.27964787 -0.1405234 -0.10031726
3.74 0.41680555 0.27864613 -0.14007804 -0.10003106
3.75 0.41540699 0.27764725 -0.139634 -0.099745539
3.76 0.41401287 0.27665122 -0.13919127 -0.099460701
3.77 0.41262317 0.27565804 -0.13874985 -0.099176552
3.78 0.41123787 0.27466769 -0.13830975 -0.098893098
3.79 0.40985697 0.27368018 -0.13787095 -0.098610346
3.8 0.40848045 0.27269548 -0.13743347 -0.0983283
3.81 0.4071083 0.27171361 -0.1369973 -0.098046967
3.82 0.40574051 0.27073455 -0.13656243 -0.097766351
3.83 0.40437705 0.26975828 -0.13612888 -0.097486458
3.84 0.40301793 0.26878482 -0.13569664 -0.097207291
3.85 0.40166312 0.26781414 -0.1352657 -0.096928857
3.86 0.40031261 0.26684624 -0.13483608 -0.09665116
3.87 0.3989664 0.26588111 -0.13440776 -0.096374203
3.88 0.39762446 0.26491876 -0.13398074 -0.096097991
3.89 0.39628678 0.26395915 -0.13355504 -0.095822528
3.9 0.39495336 0.2630023 -0.13313063 -0.095547819
3.91 0.39362417 0.2620482 -0.13270753 -0.095273866
3.92 0.39229921 0.26109683 -0.13228573 -0.095000673
3.93 0.39097846 0.26014818 -0.13186522 -0.094728244
3.94 0.3896619 0.25920226 -0.13144602 -0.094456582
3.95 0.38834954 0.25825905 -0.13102812 -0.09418569
3.96 0.38704134 0.25731855 -0.13061151 -0.093915572
3.97 0.38573731 0.25638074 -0.13019619 -0.09364623
3.98 0.38443742 0.25544562 -0.12978217 -0.093377666
3.99 0.38314166 0.25451319 -0.12936944 -0.093109884
4 0.38185003 0.25358343 -0.12895799 -0.092842886
4.01 0.3805625 0.25265633 -0.12854784 -0.092576675
4.02 0.37927907 0.25173189 -0.12813897 -0.092311253
4.03 0.37799972 0.25081011 -0.12773138 -0.092046621
4.04 0.37672444 0.24989096 -0.12732508 -0.091782783
4.05 0.37545322 0.24897445 -0.12692006 -0.091519739
4.06 0.37418604 0.24806057 -0.12651631 -0.091257493
4.07 0.3729229 0.2471493 -0.12611384 -0.090996045
4.08 0.37166377 0.24624064 -0.12571265 -0.090735398
4.09 0.37040864 0.24533459 -0.12531273 -0.090475552
4.1 0.36915751 0.24443113 -0.12491407 -0.09021651
4.11 0.36791036 0.24353026 -0.12451669 -0.089958273
4.12 0.36666718 0.24263197 -0.12412057 -0.089700842
4.13 0.36542795 0.24173624 -0.12372571 -0.089444219
4.14 0.36419266 0.24084308 -0.12333212 -0.089188403
4.15 0.36296131 0.23995248 -0.12293978 -0.088933398
4.16 0.36173387 0.23906442 -0.1225487 -0.088679203
4.17 0.36051033 0.23817889 -0.12215888 -0.088425819
4.18 0.35929069 0.2372959 -0.1217703 -0.088173247
4.19 0.35807493 0.23641543 -0.12138298 -0.087921489
4.2 0.35686303 0.23553747 -0.1209969 -0.087670544
4.21 0.35565499 0.23466202 -0.12061206 -0.087420413
4.22 0.35445079 0.23378906 -0.12022847 -0.087171097
4.23 0.35325042 0.2329186 -0.11984612 -0.086922596
4.24 0.35205387 0.23205061 -0.119465 -0.086674911
4.25 0.35086112 0.2311851 -0.11908512 -0.086428042
4.26 0.34967217 0.23032205 -0.11870646 -0.08618199
4.27 0.34848699 0.22946146 -0.11832904 -0.085936753
4.28 0.34730559 0.22860331 -0.11795284 -0.085692334
4.29 0.34612793 0.22774761 -0.11757787 -0.085448731
4.3 0.34495403 0.22689434 -0.11720412 -0.085205945
4.31 0.34378385 0.22604349 -0.11683159 -0.084963975
4.32 0.3426174 0.22519506 -0.11646027 -0.084722823
4.33 0.34145465 0.22434904 -0.11609016 -0.084482487
4.34 0.34029559 0.22350541 -0.11572126 -0.084242968
4.35 0.33914022 0.22266418 -0.11535358 -0.084004265
4.36 0.33798852 0.22182532 -0.11498709 -0.083766377
4.37 0.33684048 0.22098885 -0.11462181 -0.083529306
4.38 0.33569609 0.22015474 -0.11425772 -0.08329305
4.39 0.33455533 0.21932299 -0.11389483 -0.083057609
4.4 0.33341819 0.21849359 -0.11353314 -0.082822983
4.41 0.33228466 0.21766653 -0.11317263 -0.08258917
4.42 0.33115474 0.2168418 -0.11281332 -0.082356172
4.43 0.3300284 0.2160194 -0.11245518 -0.082123986
4.44 0.32890563 0.21519932 -0.11209823 -0.081892613
4.45 0.32778643 0.21438155 -0.11174246 -0.081662052
4.46 0.32667078 0.21356608 -0.11138786 -0.081432302
4.47 0.32555867 0.21275291 -0.11103444 -0.081203362
4.48 0.32445009 0.21194201 -0.11068218 -0.080975232
4.49 0.32334503 0.2111334 -0.11033109 -0.080747912
4.5 0.32224347 0.21032706 -0.10998117 -0.080521399
4.51 0.32114541 0.20952297 -0.10963241 -0.080295694
4.52 0.32005082 0.20872114 -0.1092848 -0.080070796
4.53 0.31895971 0.20792156 -0.10893835 -0.079846703
4.54 0.31787206 0.20712421 -0.10859306 -0.079623415
4.55 0.31678785 0.20632909 -0.10824891 -0.079400932
4.56 0.31570708 0.20553619 -0.10790591 -0.079179251
4.57 0.31462973 0.2047455 -0.10756405 -0.078958372
4.58 0.3135558 0.20395702 -0.10722333 -0.078738294
4.59 0.31248527 0.20317074 -0.10688375 -0.078519016
4.6 0.31141812 0.20238664 -0.1065453 -0.078300537
4.61 0.31035436 0.20160473 -0.10620799 -0.078082855
4.62 0.30929396 0.20082499 -0.1058718 -0.077865971
4.63 0.30823692 0.20004741 -0.10553674 -0.077649882
4.64 0.30718323 0.19927199 -0.1052028 -0.077434588
4.65 0.30613287 0.19849872 -0.10486998 -0.077220086
4.66 0.30508583 0.19772759 -0.10453827 -0.077006377
4.67 0.3040421 0.19695859 -0.10420768 -0.076793459
4.68 0.30300168 0.19619172 -0.1038782 -0.076581331
4.69 0.30196454 0.19542696 -0.10354983 -0.076369992
4.7 0.30093068 0.19466432 -0.10322256 -0.076159439
4.71 0.29990009 0.19390377 -0.10289639 -0.075949673
4.72 0.29887275 0.19314532 -0.10257132 -0.075740691
4.73 0.29784866 0.19238896 -0.10224734 -0.075532493
4.74 0.2968278 0.19163467 -0.10192446 -0.075325077
4.75 0.29581017 0.19088246 -0.10160266 -0.075118442
4.76 0.29479575 0.1901323 -0.10128195 -0.074912586
4.77 0.29378453 0.18938421 -0.10096233 -0.074707508
4.78 0.2927765 0.18863815 -0.10064378 -0.074503208
4.79 0.29177166 0.18789414 -0.10032631 -0.074299682
4.8 0.29076998 0.18715216 -0.10000992 -0.074096931
4.81 0.28977146 0.1864122 -0.099694591 -0.073894953
4.82 0.28877609 0.18567426 -0.099380335 -0.073693745
4.83 0.28778385 0.18493833 -0.099067143 -0.073493308
4.84 0.28679474 0.1842044 -0.098755013 -0.073293639
4.85 0.28580875 0.18347246 -0.098443942 -0.073094737
4.86 0.28482587 0.1827425 -0.098133926 -0.072896601
4.87 0.28384607 0.18201452 -0.097824964 -0.072699228
4.88 0.28286937 0.18128852 -0.097517051 -0.072502619
4.89 0.28189573 0.18056447 -0.097210185 -0.07230677
4.9 0.28092516 0.17984238 -0.096904362 -0.072111682
4.91 0.27995765 0.17912224 -0.096599581 -0.071917351
4.92 0.27899317 0.17840403 -0.096295837 -0.071723778
4.93 0.27803173 0.17768776 -0.095993128 -0.071530959
4.94 0.27707331 0.17697341 -0.095691452 -0.071338895
4.95 0.2761179 0.17626098 -0.095390803 -0.071147582
4.96 0.27516549 0.17555046 -0.095091181 -0.070957021
4.97 0.27421608 0.17484184 -0.094792582 -0.070767208
4.98 0.27326964 0.17413512 -0.094495003 -0.070578144
4.99 0.27232618 0.17343028 -0.094198441 -0.070389825
5 0.27138567 0.17272732 -0.093902892 -0.070202252
5.01 0.27044812 0.17202624 -0.093608355 -0.070015421
5.02 0.2695135 0.17132701 -0.093314826 -0.069829332
5.03 0.26858182 0.17062965 -0.093022303 -0.069643983
5.04 0.26765306 0.16993413 -0.092730781 -0.069459373
5.05 0.26672721 0.16924046 -0.09244026 -0.069275499
5.06 0.26580425 0.16854862 -0.092150734 -0.069092361
5.07 0.26488419 0.16785861 -0.091862202 -0.068909957
5.08 0.26396701 0.16717043 -0.091574661 -0.068728285
5.09 0.2630527 0.16648405 -0.091288107 -0.068547345
5.1 0.26214125 0.16579948 -0.091002538 -0.068367133
5.11 0.26123265 0.16511671 -0.090717951 -0.068187649
5.12 0.26032689 0.16443573 -0.090434343 -0.068008891
5.13 0.25942396 0.16375653 -0.090151711 -0.067830857
5.14 0.25852385 0.16307911 -0.089870053 -0.067653547
5.15 0.25762656 0.16240346 -0.089589364 -0.067476958
5.16 0.25673207 0.16172957 -0.089309644 -0.067301088
5.17 0.25584037 0.16105744 -0.089030888 -0.067125938
5.18 0.25495145 0.16038705 -0.088753093 -0.066951503
5.19 0.2540653 0.15971841 -0.088476258 -0.066777784
5.2 0.25318192 0.15905149 -0.088200379 -0.066604779
5.21 0.2523013 0.15838631 -0.087925453 -0.066432485
5.22 0.25142341 0.15772285 -0.087651478 -0.066260902
5.23 0.25054827 0.15706109 -0.08737845 -0.066090028
5.24 0.24967585 0.15640104 -0.087106367 -0.065919861
5.25 0.24880614 0.15574269 -0.086835226 -0.0657504
5.26 0.24793914 0.15508604 -0.086565024 -0.065581643
5.27 0.24707484 0.15443106 -0.086295759 -0.065413589
5.28 0.24621323 0.15377776 -0.086027427 -0.065246236
5.29 0.24535429 0.15312614 -0.085760026 -0.065079583
5.3 0.24449803 0.15247617 -0.085493553 -0.064913627
5.31 0.24364442 0.15182786 -0.085228005 -0.064748368
5.32 0.24279347 0.15118121 -0.08496338 -0.064583803
5.33 0.24194515 0.15053619 -0.084699675 -0.064419932
5.34 0.24109947 0.14989281 -0.084436887 -0.064256753
5.35 0.24025641 0.14925105 -0.084175013 -0.064094264
5.36 0.23941597 0.14861092 -0.08391405 -0.063932464
5.37 0.23857813 0.1479724 -0.083653997 -0.06377135
5.38 0.23774289 0.14733549 -0.083394849 -0.063610923
5.39 0.23691024 0.14670019 -0.083136605 -0.063451179
5.4 0.23608016 0.14606647 -0.082879262 -0.063292118
5.41 0.23525265 0.14543434 -0.082622816 -0.063133738
5.42 0.2344277 0.1448038 -0.082367266 -0.062976037
5.43 0.23360531 0.14417482 -0.082112609 -0.062819014
5.44 0.23278545 0.14354742 -0.081858841 -0.062662668
5.45 0.23196813 0.14292157 -0.081605961 -0.062506996
5.46 0.23115333 0.14229728 -0.081353966 -0.062351998
5.47 0.23034105 0.14167453 -0.081102852 -0.062197671
5.48 0.22953127 0.14105332 -0.080852618 -0.062044015
5.49 0.228724 0.14043365 -0.08060326 -0.061891028
5.5 0.22791921 0.1398155 -0.080354777 -0.061738708
5.51 0.2271169 0.13919888 -0.080107165 -0.061587054
5.52 0.22631707 0.13858376 -0.079860422 -0.061436064
5.53 0.22551969 0.13797015 -0.079614545 -0.061285737
5.54 0.22472478 0.13735805 -0.079369532 -0.061136071
5.55 0.2239323 0.13674743 -0.07912538 -0.060987065
5.56 0.22314227 0.13613831 -0.078882086 -0.060838718
5.57 0.22235466 0.13553066 -0.078639648 -0.060691027
5.58 0.22156947 0.13492448 -0.078398063 -0.060543992
5.59 0.2207867 0.13431978 -0.07815733 -0.060397611
5.6 0.22000633 0.13371653 -0.077917444 -0.060251882
5.61 0.21922835 0.13311474 -0.077678404 -0.060106804
5.62 0.21845276 0.1325144 -0.077440207 -0.059962376
5.63 0.21767955 0.13191549 -0.077202851 -0.059818595
5.64 0.2169087 0.13131802 -0.076966333 -0.059675462
5.65 0.21614022 0.13072198 -0.07673065 -0.059532973
5.66 0.21537409 0.13012736 -0.076495801 -0.059391129
5.67 0.2146103 0.12953416 -0.076261782 -0.059249926
5.68 0.21384885 0.12894237 -0.076028591 -0.059109365
5.69 0.21308973 0.12835197 -0.075796225 -0.058969443
5.7 0.21233293 0.12776298 -0.075564683 -0.058830159
5.71 0.21157844 0.12717537 -0.075333961 -0.058691511
5.72 0.21082625 0.12658915 -0.075104058 -0.058553499
5.73 0.21007636 0.1260043 -0.07487497 -0.058416121
5.74 0.20932875 0.12542082 -0.074646695 -0.058279374
5.75 0.20858342 0.12483871 -0.074419232 -0.058143259
5.76 0.20784037 0.12425796 -0.074192576 -0.058007774
5.77 0.20709957 0.12367856 -0.073966727 -0.057872917
5.78 0.20636103 0.1231005 -0.073741681 -0.057738686
5.79 0.20562474 0.12252378 -0.073517437 -0.057605081
5.8 0.20489068 0.1219484 -0.073293991 -0.0574721
5.81 0.20415886 0.12137434 -0.073071341 -0.057339741
5.82 0.20342926 0.12080161 -0.072849486 -0.057208004
5.83 0.20270187 0.12023018 -0.072628422 -0.057076887
5.84 0.20197669 0.11966007 -0.072408147 -0.056946389
5.85 0.20125371 0.11909125 -0.072188659 -0.056816507
5.86 0.20053292 0.11852374 -0.071969956 -0.056687242
5.87 0.19981431 0.11795751 -0.071752035 -0.056558591
5.88 0.19909787 0.11739257 -0.071534894 -0.056430554
5.89 0.19838361 0.1168289 -0.07131853 -0.056303128
5.9 0.1976715 0.1162665 -0.071102942 -0.056176313
5.91 0.19696155 0.11570537 -0.070888126 -0.056050107
5.92 0.19625374 0.1151455 -0.070674081 -0.055924509
5.93 0.19554807 0.11458688 -0.070460804 -0.055799518
5.94 0.19484453 0.11402951 -0.070248293 -0.055675132
5.95 0.1941431 0.11347338 -0.070036546 -0.05555135
5.96 0.19344379 0.11291848 -0.06982556 -0.05542817
5.97 0.19274659 0.11236482 -0.069615334 -0.055305592
5.98 0.19205149 0.11181237 -0.069405864 -0.055183615
5.99 0.19135847 0.11126114 -0.069197149 -0.055062236
6 0.19066754 0.11071113 -0.068989187 -0.054941455
6.01 0.18997869 0.11016231 -0.068781974 -0.05482127
6.02 0.18929191 0.1096147 -0.06857551 -0.05470168
6.03 0.18860718 0.10906828 -0.068369791 -0.054582684
6.04 0.18792451 0.10852305 -0.068164815 -0.05446428
6.05 0.18724388 0.107979 -0.067960581 -0.054346468
6.06 0.1865653 0.10743612 -0.067757086 -0.054229246
6.07 0.18588874 0.10689441 -0.067554328 -0.054112613
6.08 0.18521421 0.10635387 -0.067352305 -0.053996567
6.09 0.1845417 0.10581448 -0.067151014 -0.053881108
6.1 0.18387119 0.10527624 -0.066950453 -0.053766234
6.11 0.18320269 0.10473915 -0.066750621 -0.053651944
6.12 0.18253618 0.1042032 -0.066551514 -0.053538237
6.13 0.18187166 0.10366839 -0.066353132 -0.053425111
6.14 0.18120912 0.1031347 -0.066155471 -0.053312565
6.15 0.18054855 0.10260214 -0.06595853 -0.053200599
6.16 0.17988995 0.10207069 -0.065762307 -0.053089211
6.17 0.1792333 0.10154035 -0.065566798 -0.052978399
6.18 0.17857861 0.10101112 -0.065372003 -0.052868164
6.19 0.17792586 0.10048299 -0.065177919 -0.052758502
6.2 0.17727505 0.099955953 -0.064984545 -0.052649414
6.21 0.17662617 0.099430003 -0.064791877 -0.052540898
6.22 0.17597921 0.098905135 -0.064599914 -0.052432953
6.23 0.17533417 0.098381344 -0.064408654 -0.052325578
6.24 0.17469104 0.097858623 -0.064218094 -0.052218771
6.25 0.17404981 0.097336968 -0.064028233 -0.052112532
6.26 0.17341048 0.096816373 -0.063839069 -0.05200686
6.27 0.17277303 0.096296831 -0.0636506 -0.051901752
6.28 0.17213746 0.095778338 -0.063462823 -0.051797209
6.29 0.17150377 0.095260887 -0.063275736 -0.051693229
6.3 0.17087195 0.094744473 -0.063089338 -0.051589811
6.31 0.17024199 0.094229091 -0.062903627 -0.051486954
6.32 0.16961388 0.093714734 -0.0627186 -0.051384656
6.33 0.16898761 0.093201397 -0.062534255 -0.051282918
6.34 0.16836319 0.092689076 -0.062350591 -0.051181736
6.35 0.1677406 0.092177763 -0.062167605 -0.051081112
6.36 0.16711984 0.091667453 -0.061985296 -0.050981042
6.37 0.1665009 0.091158142 -0.061803662 -0.050881527
6.38 0.16588377 0.090649823 -0.0616227 -0.050782566
6.39 0.16526844 0.090142491 -0.061442408 -0.050684156
6.4 0.16465492 0.08963614 -0.061262785 -0.050586298
6.41 0.16404319 0.089130765 -0.061083829 -0.05048899
6.42 0.16343324 0.08862636 -0.060905538 -0.050392231
6.43 0.16282508 0.08812292 -0.060727909 -0.05029602
6.44 0.16221868 0.08762044 -0.060550942 -0.050200356
6.45 0.16161406 0.087118913 -0.060374633 -0.050105238
6.46 0.16101119 0.086618335 -0.060198981 -0.050010665
6.47 0.16041008 0.0861187 -0.060023985 -0.049916636
6.48 0.15981071 0.085620002 -0.059849642 -0.04982315
6.49 0.15921308 0.085122237 -0.05967595 -0.049730205
6.5 0.15861719 0.084625398 -0.059502908 -0.049637802
6.51 0.15802303 0.084129481 -0.059330513 -0.049545939
6.52 0.15743058 0.083634479 -0.059158764 -0.049454615
6.53 0.15683985 0.083140388 -0.058987659 -0.049363829
6.54 0.15625083 0.082647203 -0.058817196 -0.049273579
6.55 0.15566351 0.082154917 -0.058647374 -0.049183866
6.56 0.15507788 0.081663525 -0.058478189 -0.049094688
6.57 0.15449394 0.081173023 -0.058309641 -0.049006044
6.58 0.15391169 0.080683404 -0.058141728 -0.048917933
6.59 0.15333111 0.080194664 -0.057974448 -0.048830355
6.6 0.1527522 0.079706797 -0.057807799 -0.048743307
6.61 0.15217495 0.079219798 -0.057641779 -0.048656791
6.62 0.15159936 0.078733661 -0.057476386 -0.048570803
6.63 0.15102543 0.078248382 -0.057311619 -0.048485344
6.64 0.15045313 0.077763955 -0.057147476 -0.048400413
6.65 0.14988248 0.077280374 -0.056983955 -0.048316008
6.66 0.14931345 0.076797634 -0.056821054 -0.048232129
6.67 0.14874605 0.076315731 -0.056658772 -0.048148775
6.68 0.14818028 0.075834659 -0.056497107 -0.048065944
6.69 0.14761611 0.075354412 -0.056336056 -0.047983637
6.7 0.14705356 0.074874986 -0.056175619 -0.047901852
6.71 0.1464926 0.074396375 -0.056015793 -0.047820588
6.72 0.14593324 0.073918574 -0.055856578 -0.047739845
6.73 0.14537547 0.073441578 -0.05569797 -0.047659621
6.74 0.14481928 0.072965382 -0.055539968 -0.047579916
6.75 0.14426467 0.07248998 -0.055382571 -0.047500729
6.76 0.14371163 0.072015367 -0.055225778 -0.047422059
6.77 0.14316015 0.071541539 -0.055069585 -0.047343904
6.78 0.14261024 0.071068489 -0.054913992 -0.047266265
6.79 0.14206187 0.070596214 -0.054758996 -0.047189141
6.8 0.14151506 0.070124707 -0.054604597 -0.04711253
6.81 0.14096978 0.069653963 -0.054450792 -0.047036432
6.82 0.14042604 0.069183978 -0.05429758 -0.046960846
6.83 0.13988383 0.068714746 -0.05414496 -0.046885771
6.84 0.13934314 0.068246263 -0.053992928 -0.046811206
6.85 0.13880397 0.067778522 -0.053841485 -0.046737151
6.86 0.13826631 0.067311519 -0.053690627 -0.046663604
6.87 0.13773016 0.06684525 -0.053540354 -0.046590565
6.88 0.13719551 0.066379708 -0.053390664 -0.046518034
6.89 0.13666235 0.065914889 -0.053241556 -0.046446009
6.9 0.13613067 0.065450788 -0.053093027 -0.046374489
6.91 0.13560049 0.064987399 -0.052945076 -0.046303475
6.92 0.13507177 0.064524719 -0.052797701 -0.046232964
6.93 0.13454453 0.06406274 -0.052650901 -0.046162956
6.94 0.13401875 0.063601459 -0.052504675 -0.046093451
6.95 0.13349444 0.063140871 -0.05235902 -0.046024448
6.96 0.13297157 0.06268097 -0.052213935 -0.045955946
6.97 0.13245016 0.062221752 -0.052069419 -0.045887944
6.98 0.13193019 0.061763212 -0.05192547 -0.045820442
6.99 0.13141165 0.061305343 -0.051782086 -0.045753438
7 0.13089454 0.060848143 -0.051639265 -0.045686933
