0 1 0 0 0.92480733
0.01 1.0000006 0.0092480733 0.00012071473 0.92469102
0.02 1.0000024 0.01849382 0.00024028973 0.92434218
0.03 1.0000054 0.027734917 0.0003575889 0.92376116
0.04 1.0000096 0.036969044 0.00047148347 0.92294853
0.05 1.0000148 0.046193887 0.00058085551 0.92190506
0.06 1.0000212 0.055407145 0.00068460155 0.92063176
0.07 1.0000285 0.064606523 0.00078163591 0.91912987
0.08 1.0000368 0.073789742 0.00087089417 0.91740082
0.09 1.000046 0.082954539 0.00095133627 0.91544628
0.1 1.0000558 0.092098668 0.0010219497 0.9132681
0.11 1.0000664 0.1012199 0.0010817522 0.91086836
0.12 1.0000775 0.11031604 0.0011297949 0.90824933
0.13 1.000089 0.11938489 0.0011651645 0.90541346
0.14 1.0001008 0.1284243 0.0011869858 0.90236342
0.15 1.0001127 0.13743216 0.0011944241 0.89910203
0.16 1.0001247 0.14640634 0.0011866867 0.89563232
0.17 1.0001365 0.1553448 0.001163025 0.89195746
0.18 1.0001479 0.16424549 0.0011227359 0.8880808
0.19 1.0001589 0.17310642 0.0010651633 0.88400585
0.2 1.0001692 0.18192561 0.00098969878 0.87973626
0.21 1.0001787 0.19070114 0.00089578294 0.87527583
0.22 1.0001871 0.19943113 0.00078290573 0.87062848
0.23 1.0001944 0.20811371 0.00065060704 0.86579827
0.24 1.0002002 0.21674709 0.00049847686 0.86078937
0.25 1.0002043 0.2253295 0.00032615536 0.85560607
0.26 1.0002067 0.23385921 0.00013333271 0.85025275
0.27 1.000207 0.24233456 -8.0251276e-05 0.8447339
0.28 1.0002051 0.25075389 -0.00031480764 0.83905409
0.29 1.0002007 0.25911564 -0.00057049896 0.83321796
0.3 1.0001937 0.26741825 -0.00084744021 0.82723024
0.31 1.0001838 0.27566024 -0.0011456997 0.8210957
0.32 1.0001707 0.28384017 -0.0014653003 0.81481918
0.33 1.0001544 0.29195663 -0.0018062204 0.80840556
0.34 1.0001346 0.30000828 -0.0021683956 0.80185977
0.35 1.0001111 0.30799382 -0.0025517199 0.79518677
0.36 1.0000836 0.31591201 -0.0029560472 0.78839153
0.37 1.000052 0.32376165 -0.0033811931 0.78147907
0.38 1.000016 0.3315416 -0.0038269364 0.77445438
0.39 0.99997541 0.33925074 -0.0042930208 0.76732249
0.4 0.9999301 0.34688805 -0.0047791566 0.7600884
0.41 0.99987983 0.35445251 -0.0052850226 0.75275714
0.42 0.9998244 0.36194319 -0.005810268 0.74533368
0.43 0.99976362 0.36935919 -0.0063545139 0.73782301
0.44 0.99969731 0.37669965 -0.0069173551 0.73023006
0.45 0.99962528 0.38396379 -0.0074983626 0.72255975
0.46 0.99954734 0.39115085 -0.0080970844 0.71481696
0.47 0.99946333 0.39826013 -0.008713048 0.70700652
0.48 0.99937308 0.40529098 -0.0093457621 0.69913323
0.49 0.99927642 0.41224279 -0.0099947178 0.69120182
0.5 0.99917318 0.41911501 -0.010659391 0.68321698
0.51 0.99906323 0.42590713 -0.011339244 0.67518333
0.52 0.9989464 0.43261868 -0.012033727 0.66710544
0.53 0.99882255 0.43924924 -0.012742278 0.6589878
0.54 0.99869155 0.44579844 -0.013464328 0.65083483
0.55 0.99855326 0.45226594 -0.0141993 0.64265089
0.56 0.99840756 0.45865146 -0.01494661 0.63444025
0.57 0.99825433 0.46495475 -0.015705669 0.62620711
0.58 0.99809345 0.4711756 -0.016475887 0.61795559
0.59 0.99792481 0.47731386 -0.017256669 0.60968972
0.6 0.99774831 0.4833694 -0.01804742 0.60141344
0.61 0.99756386 0.48934213 -0.018847547 0.59313062
0.62 0.99737136 0.49523201 -0.019656454 0.58484502
0.63 0.99717073 0.50103903 -0.020473553 0.57656032
0.64 0.99696189 0.50676322 -0.021298255 0.56828012
0.65 0.99674476 0.51240463 -0.022129978 0.56000791
0.66 0.99651929 0.51796338 -0.022968142 0.55174708
0.67 0.9962854 0.52343958 -0.023812176 0.54350095
0.68 0.99604304 0.5288334 -0.024661514 0.53527272
0.69 0.99579217 0.53414503 -0.025515599 0.52706551
0.7 0.99553273 0.53937471 -0.026373881 0.51888234
0.71 0.99526469 0.54452268 -0.027235819 0.51072614
0.72 0.99498801 0.54958923 -0.02810088 0.50259972
0.73 0.99470267 0.55457467 -0.028968542 0.49450583
0.74 0.99440864 0.55947935 -0.029838295 0.48644709
0.75 0.9941059 0.56430362 -0.030709636 0.47842605
0.76 0.99379445 0.56904787 -0.031582075 0.47044515
0.77 0.99347426 0.57371252 -0.032455134 0.46250674
0.78 0.99314534 0.57829801 -0.033328345 0.45461308
0.79 0.99280769 0.58280478 -0.034201254 0.44676633
0.8 0.99246132 0.58723333 -0.035073416 0.43896857
0.81 0.99210622 0.59158416 -0.035944401 0.43122179
0.82 0.99174243 0.59585777 -0.036813791 0.42352786
0.83 0.99136995 0.60005471 -0.037681181 0.41588861
0.84 0.9909888 0.60417554 -0.038546176 0.40830574
0.85 0.99059902 0.60822083 -0.039408396 0.40078088
0.86 0.99020064 0.61219116 -0.040267475 0.39331559
0.87 0.98979367 0.61608714 -0.041123056 0.38591133
0.88 0.98937817 0.61990939 -0.041974799 0.37856947
0.89 0.98895418 0.62365853 -0.042822373 0.37129133
0.9 0.98852173 0.62733522 -0.043665461 0.36407812
0.91 0.98808087 0.6309401 -0.044503761 0.35693099
0.92 0.98763165 0.63447384 -0.04533698 0.34985101
0.93 0.98717413 0.63793712 -0.046164838 0.34283918
0.94 0.98670835 0.64133062 -0.046987069 0.33589643
0.95 0.98623438 0.64465505 -0.047803418 0.3290236
0.96 0.98575228 0.64791109 -0.048613641 0.32222149
0.97 0.98526211 0.65109948 -0.049417508 0.31549081
0.98 0.98476393 0.65422091 -0.050214798 0.30883222
0.99 0.98425781 0.65727612 -0.051005304 0.30224631
1 0.98374383 0.66026584 -0.051788827 0.29573362
1.01 0.98322204 0.66319079 -0.052565183 0.2892946
1.02 0.98269252 0.66605173 -0.053334195 0.28292967
1.03 0.98215535 0.66884939 -0.054095699 0.27663919
1.04 0.98161061 0.67158451 -0.054849541 0.27042346
1.05 0.98105836 0.67425786 -0.055595575 0.26428272
1.06 0.98049869 0.67687017 -0.056333667 0.25821718
1.07 0.97993169 0.6794222 -0.057063691 0.25222697
1.08 0.97935742 0.68191471 -0.057785534 0.2463122
1.09 0.97877598 0.68434845 -0.058499087 0.24047293
1.1 0.97818744 0.68672417 -0.059204252 0.23470916
1.11 0.97759189 0.68904263 -0.059900942 0.22902086
1.12 0.97698942 0.69130459 -0.060589075 0.22340795
1.13 0.97638011 0.69351079 -0.061268579 0.21787032
1.14 0.97576405 0.69566199 -0.061939388 0.21240782
1.15 0.97514132 0.69775895 -0.062601446 0.20702026
1.16 0.97451202 0.6998024 -0.063254703 0.20170742
1.17 0.97387623 0.7017931 -0.063899116 0.19646904
1.18 0.97323403 0.70373178 -0.06453465 0.19130483
1.19 0.97258553 0.70561919 -0.065161276 0.18621447
1.2 0.97193081 0.70745607 -0.06577897 0.18119762
1.21 0.97126995 0.70924315 -0.066387717 0.1762539
1.22 0.97060305 0.71098115 -0.066987506 0.17138291
1.23 0.9699302 0.7126708 -0.067578332 0.16658422
1.24 0.96925149 0.71431283 -0.068160196 0.16185737
1.25 0.968567 0.71590795 -0.068733104 0.15720191
1.26 0.96787682 0.71745687 -0.069297067 0.15261732
1.27 0.96718106 0.7189603 -0.069852101 0.1481031
1.28 0.96647978 0.72041893 -0.070398227 0.14365872
1.29 0.96577309 0.72183347 -0.070935469 0.13928362
1.3 0.96506107 0.72320461 -0.071463857 0.13497723
1.31 0.96434381 0.72453302 -0.071983424 0.13073898
1.32 0.9636214 0.72581939 -0.072494208 0.12656825
1.33 0.96289393 0.72706438 -0.072996249 0.12246445
1.34 0.96216148 0.72826868 -0.073489591 0.11842694
1.35 0.96142414 0.72943292 -0.073974282 0.11445509
1.36 0.96068199 0.73055778 -0.074450374 0.11054825
1.37 0.95993513 0.73164389 -0.074917919 0.10670577
1.38 0.95918363 0.73269189 -0.075376975 0.10292697
1.39 0.95842759 0.73370243 -0.0758276 0.099211194
1.4 0.95766708 0.73467612 -0.076269857 0.095557747
1.41 0.95690219 0.73561358 -0.076703809 0.091965945
1.42 0.95613301 0.73651544 -0.077129523 0.088435093
1.43 0.9553596 0.73738229 -0.077547067 0.084964491
1.44 0.95458206 0.73821473 -0.077956511 0.081553434
1.45 0.95380047 0.73901335 -0.078357928 0.078201215
1.46 0.95301491 0.73977875 -0.078751391 0.074907123
1.47 0.95222544 0.7405115 -0.079136975 0.071670442
1.48 0.95143217 0.74121216 -0.079514758 0.068490458
1.49 0.95063515 0.74188131 -0.079884817 0.065366451
1.5 0.94983447 0.74251949 -0.080247231 0.062297704
1.51 0.9490302 0.74312726 -0.080602082 0.059283497
1.52 0.94822243 0.74370516 -0.080949449 0.05632311
1.53 0.94741121 0.74425372 -0.081289416 0.053415826
1.54 0.94659664 0.74477348 -0.081622066 0.050560925
1.55 0.94577877 0.74526494 -0.081947481 0.047757692
1.56 0.94495769 0.74572863 -0.082265748 0.045005411
1.57 0.94413346 0.74616505 -0.082576949 0.042303371
1.58 0.94330615 0.7465747 -0.082881172 0.039650859
1.59 0.94247583 0.74695807 -0.083178501 0.03704717
1.6 0.94164258 0.74731564 -0.083469022 0.034491599
1.61 0.94080645 0.7476479 -0.083752822 0.031983444
1.62 0.93996752 0.74795531 -0.084029988 0.02952201
1.63 0.93912585 0.74823834 -0.084300605 0.027106602
1.64 0.93828151 0.74849744 -0.084564761 0.024736532
1.65 0.93743456 0.74873307 -0.084822542 0.022411116
1.66 0.93658506 0.74894567 -0.085074034 0.020129675
1.67 0.93573308 0.74913566 -0.085319324 0.017891533
1.68 0.93487867 0.7493035 -0.085558498 0.015696022
1.69 0.93402191 0.74944958 -0.085791641 0.013542478
1.7 0.93316284 0.74957435 -0.08601884 0.011430243
1.71 0.93230153 0.74967819 -0.08624018 0.0093586638
1.72 0.93143804 0.74976152 -0.086455746 0.0073270939
1.73 0.93057242 0.74982473 -0.086665622 0.0053348927
1.74 0.92970473 0.74986822 -0.086869893 0.0033814257
1.75 0.92883502 0.74989236 -0.087068642 0.0014660647
1.76 0.92796335 0.74989754 -0.087261952 -0.00041181207
1.77 0.92708978 0.74988412 -0.087449906 -0.00225282
1.78 0.92621435 0.74985248 -0.087632587 -0.0040575679
1.79 0.92533713 0.74980297 -0.087810074 -0.0058266577
1.8 0.92445815 0.74973595 -0.087982451 -0.007560685
1.81 0.92357748 0.74965176 -0.088149796 -0.0092602382
1.82 0.92269516 0.74955074 -0.088312189 -0.010925899
1.83 0.92181123 0.74943324 -0.088469709 -0.012558242
1.84 0.92092576 0.74929958 -0.088622435 -0.014157836
1.85 0.92003879 0.74915008 -0.088770443 -0.015725241
1.86 0.91915035 0.74898507 -0.088913811 -0.017261011
1.87 0.91826051 0.74880486 -0.089052614 -0.018765693
1.88 0.9173693 0.74860976 -0.089186928 -0.020239826
1.89 0.91647677 0.74840007 -0.089316827 -0.021683945
1.9 0.91558296 0.74817608 -0.089442384 -0.023098573
1.91 0.91468792 0.7479381 -0.089563673 -0.02448423
1.92 0.91379169 0.7476864 -0.089680766 -0.025841427
1.93 0.91289431 0.74742127 -0.089793734 -0.027170669
1.94 0.91199582 0.74714298 -0.089902646 -0.028472454
1.95 0.91109626 0.74685182 -0.090007574 -0.029747271
1.96 0.91019566 0.74654804 -0.090108585 -0.030995605
1.97 0.90929408 0.74623191 -0.090205747 -0.032217931
1.98 0.90839155 0.74590368 -0.090299128 -0.03341472
1.99 0.9074881 0.74556361 -0.090388794 -0.034586433
2 0.90658377 0.74521195 -0.09047481 -0.035733528
2.01 0.9056786 0.74484894 -0.09055724 -0.036856452
2.02 0.90477263 0.74447482 -0.090636149 -0.037955649
2.03 0.90386588 0.74408983 -0.090711598 -0.039031553
2.04 0.9029584 0.74369419 -0.090783651 -0.040084593
2.05 0.90205021 0.74328814 -0.090852368 -0.041115192
2.06 0.90114135 0.74287189 -0.09091781 -0.042123765
2.07 0.90023185 0.74244566 -0.090980035 -0.043110721
2.08 0.89932175 0.74200967 -0.091039103 -0.044076462
2.09 0.89841107 0.74156413 -0.091095072 -0.045021386
2.1 0.89749985 0.74110925 -0.091147997 -0.045945881
2.11 0.89658811 0.74064521 -0.091197936 -0.04685033
2.12 0.89567589 0.74017224 -0.091244944 -0.047735113
2.13 0.89476321 0.73969051 -0.091289075 -0.048600598
2.14 0.89385011 0.73920023 -0.091330382 -0.049447152
2.15 0.8929366 0.73870157 -0.091368919 -0.050275133
2.16 0.89202273 0.73819472 -0.091404738 -0.051084895
2.17 0.89110851 0.73767987 -0.09143789 -0.051876783
2.18 0.89019397 0.73715719 -0.091468425 -0.05265114
2.19 0.88927914 0.73662685 -0.091496392 -0.053408301
2.2 0.88836404 0.73608902 -0.091521842 -0.054148595
2.21 0.8874487 0.73554388 -0.091544822 -0.054872347
2.22 0.88653315 0.73499158 -0.091565379 -0.055579874
2.23 0.8856174 0.73443228 -0.091583559 -0.056271491
2.24 0.88470148 0.73386615 -0.09159941 -0.056947505
2.25 0.88378541 0.73329333 -0.091612975 -0.057608217
2.26 0.88286922 0.73271398 -0.091624299 -0.058253925
2.27 0.88195292 0.73212825 -0.091633426 -0.058884921
2.28 0.88103655 0.73153628 -0.091640399 -0.05950149
2.29 0.88012011 0.73093822 -0.091645259 -0.060103916
2.3 0.87920364 0.7303342 -0.091648049 -0.060692473
2.31 0.87828715 0.72972437 -0.09164881 -0.061267434
2.32 0.87737067 0.72910886 -0.09164758 -0.061829065
2.33 0.8764542 0.72848779 -0.0916444 -0.062377629
2.34 0.87553778 0.7278613 -0.091639308 -0.062913382
2.35 0.87462142 0.72722952 -0.091632343 -0.063436577
2.36 0.87370513 0.72659257 -0.091623543 -0.063947462
2.37 0.87278894 0.72595057 -0.091612942 -0.06444628
2.38 0.87187287 0.72530365 -0.091600579 -0.064933271
2.39 0.87095693 0.72465191 -0.091586489 -0.065408669
2.4 0.87004114 0.72399547 -0.091570705 -0.065872704
2.41 0.86912552 0.72333445 -0.091553264 -0.066325602
2.42 0.86821008 0.72266896 -0.091534198 -0.066767586
2.43 0.86729483 0.7219991 -0.09151354 -0.067198873
2.44 0.86637981 0.72132498 -0.091491324 -0.067619676
2.45 0.86546501 0.72064671 -0.09146758 -0.068030206
2.46 0.86455046 0.71996438 -0.091442341 -0.068430668
2.47 0.86363616 0.7192781 -0.091415637 -0.068821264
2.48 0.86272214 0.71858795 -0.091387499 -0.069202193
2.49 0.86180841 0.71789405 -0.091357955 -0.069573648
2.5 0.86089498 0.71719648 -0.091327036 -0.069935821
2.51 0.85998187 0.71649533 -0.09129477 -0.070288899
2.52 0.85906909 0.7157907 -0.091261186 -0.070633065
2.53 0.85815665 0.71508267 -0.091226309 -0.0709685
2.54 0.85724456 0.71437133 -0.091190169 -0.07129538
2.55 0.85633284 0.71365677 -0.091152791 -0.071613879
2.56 0.85542151 0.71293906 -0.091114202 -0.071924166
2.57 0.85451056 0.71221828 -0.091074427 -0.072226408
2.58 0.85360002 0.71149453 -0.091033492 -0.07252077
2.59 0.85268989 0.71076787 -0.09099142 -0.072807411
2.6 0.85178019 0.71003838 -0.090948237 -0.073086488
2.61 0.85087093 0.70930614 -0.090903966 -0.073358156
2.62 0.84996211 0.70857122 -0.090858631 -0.073622567
2.63 0.84905375 0.70783369 -0.090812253 -0.073879868
2.64 0.84814586 0.70709362 -0.090764857 -0.074130205
2.65 0.84723846 0.70635108 -0.090716464 -0.074373722
2.66 0.84633154 0.70560614 -0.090667096 -0.074610556
2.67 0.84542511 0.70485887 -0.090616773 -0.074840847
2.68 0.8445192 0.70410933 -0.090565517 -0.075064729
2.69 0.8436138 0.70335758 -0.090513348 -0.075282332
2.7 0.84270893 0.70260368 -0.090460287 -0.075493787
2.71 0.8418046 0.7018477 -0.090406352 -0.075699221
2.72 0.84090081 0.7010897 -0.090351563 -0.075898757
2.73 0.83999757 0.70032973 -0.09029594 -0.076092517
2.74 0.83909489 0.69956785 -0.0902395 -0.076280621
2.75 0.83819278 0.69880411 -0.090182263 -0.076463186
2.76 0.83729124 0.69803858 -0.090124245 -0.076640327
2.77 0.83639029 0.69727131 -0.090065464 -0.076812156
2.78 0.83548993 0.69650234 -0.090005938 -0.076978783
2.79 0.83459017 0.69573173 -0.089945683 -0.077140317
2.8 0.83369102 0.69495953 -0.089884716 -0.077296863
2.81 0.83279248 0.69418579 -0.089823053 -0.077448526
2.82 0.83189456 0.69341056 -0.08976071 -0.077595406
2.83 0.83099726 0.69263389 -0.089697703 -0.077737605
2.84 0.8301006 0.69185581 -0.089634046 -0.077875218
2.85 0.82920458 0.69107638 -0.089569756 -0.078008343
2.86 0.82830921 0.69029564 -0.089504846 -0.078137074
2.87 0.82741449 0.68951364 -0.089439331 -0.078261501
2.88 0.82652042 0.68873041 -0.089373225 -0.078381716
2.89 0.82562702 0.68794601 -0.089306542 -0.078497807
2.9 0.82473429 0.68716046 -0.089239295 -0.07860986
2.91 0.82384224 0.68637381 -0.089171499 -0.07871796
2.92 0.82295086 0.6855861 -0.089103165 -0.078822191
2.93 0.82206017 0.68479736 -0.089034307 -0.078922633
2.94 0.82117017 0.68400765 -0.088964937 -0.079019367
2.95 0.82028087 0.68321698 -0.088895068 -0.079112471
2.96 0.81939227 0.6824254 -0.088824712 -0.079202022
2.97 0.81850438 0.68163294 -0.08875388 -0.079288094
2.98 0.8176172 0.68083963 -0.088682583 -0.079370761
2.99 0.81673073 0.68004552 -0.088610835 -0.079450096
3 0.81584498 0.67925063 -0.088538645 -0.079526169
3.01 0.81495995 0.678455 -0.088466024 -0.079599049
3.02 0.81407566 0.67765865 -0.088392983 -0.079668804
3.03 0.8131921 0.67686162 -0.088319533 -0.079735501
3.04 0.81230927 0.67606394 -0.088245684 -0.079799204
3.05 0.81142718 0.67526564 -0.088171446 -0.079859978
3.06 0.81054584 0.67446674 -0.088096828 -0.079917884
3.07 0.80966524 0.67366728 -0.088021841 -0.079972984
3.08 0.8087854 0.67286728 -0.087946494 -0.080025339
3.09 0.80790632 0.67206677 -0.087870797 -0.080075006
3.1 0.80702799 0.67126578 -0.087794757 -0.080122043
3.11 0.80615042 0.67046433 -0.087718385 -0.080166507
3.12 0.80527362 0.66966245 -0.087641689 -0.080208453
3.13 0.80439759 0.66886016 -0.087564677 -0.080247935
3.14 0.80352233 0.66805749 -0.087487359 -0.080285006
3.15 0.80264784 0.66725446 -0.087409741 -0.080319717
3.16 0.80177413 0.6664511 -0.087331833 -0.08035212
3.17 0.8009012 0.66564742 -0.087253642 -0.080382265
3.18 0.80002906 0.66484345 -0.087175176 -0.0804102
3.19 0.7991577 0.66403922 -0.087096443 -0.080435974
3.2 0.79828713 0.66323473 -0.087017449 -0.080459632
3.21 0.79741735 0.66243002 -0.086938203 -0.08048122
3.22 0.79654836 0.66162511 -0.08685871 -0.080500785
3.23 0.79568018 0.66082001 -0.08677898 -0.080518369
3.24 0.79481279 0.66001474 -0.086699017 -0.080534015
3.25 0.7939462 0.65920933 -0.086618829 -0.080547767
3.26 0.79308041 0.65840379 -0.086538422 -0.080559665
3.27 0.79221543 0.65759813 -0.086457804 -0.080569749
3.28 0.79135125 0.65679239 -0.086376979 -0.08057806
3.29 0.79048789 0.65598657 -0.086295955 -0.080584637
3.3 0.78962533 0.6551807 -0.086214738 -0.080589516
3.31 0.78876359 0.65437478 -0.086133332 -0.080592736
3.32 0.78790267 0.65356884 -0.086051745 -0.080594333
3.33 0.78704256 0.6527629 -0.085969982 -0.080594342
3.34 0.78618327 0.65195696 -0.085888048 -0.080592799
3.35 0.7853248 0.65115104 -0.085805948 -0.080589738
3.36 0.78446715 0.65034516 -0.08572369 -0.080585193
3.37 0.78361032 0.64953934 -0.085641276 -0.080579196
3.38 0.78275432 0.64873358 -0.085558713 -0.08057178
3.39 0.78189915 0.6479279 -0.085476006 -0.080562975
3.4 0.7810448 0.64712232 -0.085393159 -0.080552814
3.41 0.78019129 0.64631684 -0.085310177 -0.080541326
3.42 0.7793386 0.64551149 -0.085227066 -0.08052854
3.43 0.77848674 0.64470627 -0.085143829 -0.080514487
3.44 0.77763572 0.6439012 -0.085060472 -0.080499194
3.45 0.77678553 0.64309629 -0.084976998 -0.080482688
3.46 0.77593618 0.64229155 -0.084893412 -0.080464998
3.47 0.77508767 0.64148699 -0.084809719 -0.08044615
3.48 0.77423999 0.64068263 -0.084725921 -0.08042617
3.49 0.77339315 0.63987847 -0.084642025 -0.080405083
3.5 0.77254715 0.63907452 -0.084558032 -0.080382916
3.51 0.77170199 0.63827081 -0.084473949 -0.080359691
3.52 0.77085767 0.63746733 -0.084389777 -0.080335433
3.53 0.77001419 0.6366641 -0.084305522 -0.080310166
3.54 0.76917156 0.63586113 -0.084221186 -0.080283913
3.55 0.76832977 0.63505842 -0.084136773 -0.080256696
3.56 0.76748882 0.63425599 -0.084052288 -0.080228538
3.57 0.76664872 0.63345385 -0.083967732 -0.080199459
3.58 0.76580947 0.632652 -0.08388311 -0.080169482
3.59 0.76497106 0.63185046 -0.083798425 -0.080138626
3.6 0.7641335 0.63104923 -0.08371368 -0.080106913
3.61 0.76329679 0.63024832 -0.083628879 -0.080074361
3.62 0.76246092 0.62944774 -0.083544024 -0.080040991
3.63 0.76162591 0.6286475 -0.083459119 -0.080006822
3.64 0.76079174 0.62784761 -0.083374166 -0.079971871
3.65 0.75995842 0.62704807 -0.083289168 -0.079936159
3.66 0.75912596 0.62624888 -0.083204129 -0.079899701
3.67 0.75829434 0.62545007 -0.08311905 -0.079862516
3.68 0.75746358 0.62465163 -0.083033936 -0.079824622
3.69 0.75663366 0.62385358 -0.082948788 -0.079786034
3.7 0.7558046 0.62305591 -0.082863609 -0.079746769
3.71 0.75497639 0.62225864 -0.082778401 -0.079706844
3.72 0.75414903 0.62146178 -0.082693168 -0.079666274
3.73 0.75332253 0.62066532 -0.082607911 -0.079625074
3.74 0.75249687 0.61986928 -0.082522634 -0.07958326
3.75 0.75167207 0.61907365 -0.082437337 -0.079540847
3.76 0.75084813 0.61827846 -0.082352025 -0.079497848
3.77 0.75002503 0.6174837 -0.082266698 -0.079454278
3.78 0.74920279 0.61668937 -0.08218136 -0.079410152
3.79 0.74838141 0.61589549 -0.082096011 -0.079365481
3.8 0.74756087 0.61510206 -0.082010656 -0.079320281
3.81 0.74674119 0.61430909 -0.081925294 -0.079274564
3.82 0.74592237 0.61351657 -0.081839929 -0.079228342
3.83 0.74510439 0.61272452 -0.081754563 -0.079181628
3.84 0.74428728 0.61193294 -0.081669197 -0.079134435
3.85 0.74347101 0.61114183 -0.081583834 -0.079086774
3.86 0.7426556 0.6103512 -0.081498474 -0.079038658
3.87 0.74184104 0.60956106 -0.081413121 -0.078990096
3.88 0.74102734 0.6087714 -0.081327776 -0.078941102
3.89 0.74021448 0.60798224 -0.08124244 -0.078891685
3.9 0.73940249 0.60719357 -0.081157115 -0.078841857
3.91 0.73859134 0.6064054 -0.081071803 -0.078791627
3.92 0.73778105 0.60561774 -0.080986506 -0.078741008
3.93 0.73697161 0.60483058 -0.080901225 -0.078690007
3.94 0.73616303 0.60404394 -0.080815962 -0.078638636
3.95 0.73535529 0.60325781 -0.080730718 -0.078586904
3.96 0.73454841 0.6024722 -0.080645494 -0.078534821
3.97 0.73374238 0.60168711 -0.080560293 -0.078482395
3.98 0.73293721 0.60090255 -0.080475116 -0.078429637
3.99 0.73213288 0.60011852 -0.080389963 -0.078376554
4 0.73132941 0.59933502 -0.080304837 -0.078323155
4.01 0.73052678 0.59855205 -0.080219739 -0.07826945
4.02 0.72972501 0.59776963 -0.080134669 -0.078215446
4.03 0.72892409 0.59698775 -0.08004963 -0.078161151
4.04 0.72812402 0.59620641 -0.079964623 -0.078106574
4.05 0.7273248 0.59542561 -0.079879648 -0.078051723
4.06 0.72652643 0.59464537 -0.079794708 -0.077996604
4.07 0.7257289 0.59386568 -0.079709802 -0.077941226
4.08 0.72493223 0.59308655 -0.079624933 -0.077885595
4.09 0.72413641 0.59230797 -0.079540101 -0.07782972
4.1 0.72334143 0.59152995 -0.079455308 -0.077773607
4.11 0.7225473 0.5907525 -0.079370555 -0.077717262
4.12 0.72175402 0.58997561 -0.079285842 -0.077660694
4.13 0.72096158 0.58919928 -0.079201171 -0.077603907
4.14 0.72016999 0.58842353 -0.079116542 -0.077546909
4.15 0.71937925 0.58764835 -0.079031958 -0.077489707
4.16 0.71858936 0.58687374 -0.078947417 -0.077432305
4.17 0.7178003 0.5860997 -0.078862923 -0.077374711
4.18 0.7170121 0.58532624 -0.078778475 -0.077316931
4.19 0.71622473 0.58455336 -0.078694074 -0.077258969
4.2 0.71543822 0.58378106 -0.078609721 -0.077200832
4.21 0.71465254 0.58300934 -0.078525418 -0.077142525
4.22 0.71386771 0.58223821 -0.078441165 -0.077084054
4.23 0.71308372 0.58146766 -0.078356962 -0.077025423
4.24 0.71230057 0.5806977 -0.078272811 -0.076966639
4.25 0.71151826 0.57992833 -0.078188712 -0.076907707
4.26 0.71073679 0.57915955 -0.078104666 -0.076848631
4.27 0.70995617 0.57839136 -0.078020674 -0.076789416
4.28 0.70917638 0.57762376 -0.077936737 -0.076730067
4.29 0.70839743 0.57685676 -0.077852855 -0.076670589
4.3 0.70761932 0.57609035 -0.077769029 -0.076610986
4.31 0.70684205 0.57532454 -0.077685259 -0.076551262
4.32 0.70606562 0.57455932 -0.077601547 -0.076491423
4.33 0.70529002 0.57379471 -0.077517893 -0.076431473
4.34 0.70451526 0.57303069 -0.077434297 -0.076371415
4.35 0.70374133 0.57226728 -0.07735076 -0.076311253
4.36 0.70296824 0.57150447 -0.077267284 -0.076250993
4.37 0.70219599 0.57074226 -0.077183867 -0.076190637
4.38 0.70142457 0.56998066 -0.077100512 -0.07613019
4.39 0.70065398 0.56921966 -0.077017218 -0.076069655
4.4 0.69988422 0.56845926 -0.076933986 -0.076009037
4.41 0.6991153 0.56769948 -0.076850817 -0.075948338
4.42 0.69834721 0.5669403 -0.076767711 -0.075887562
4.43 0.69757994 0.56618172 -0.076684669 -0.075826713
4.44 0.69681351 0.56542376 -0.07660169 -0.075765794
4.45 0.69604791 0.56466641 -0.076518777 -0.075704808
4.46 0.69528314 0.56390967 -0.076435928 -0.075643759
4.47 0.69451919 0.56315353 -0.076353145 -0.07558265
4.48 0.69375607 0.56239801 -0.076270428 -0.075521484
4.49 0.69299378 0.5616431 -0.076187777 -0.075460263
4.5 0.69223232 0.56088881 -0.076105193 -0.075398992
4.51 0.69147168 0.56013512 -0.076022676 -0.075337672
4.52 0.69071187 0.55938205 -0.075940227 -0.075276307
4.53 0.68995288 0.5586296 -0.075857846 -0.0752149
4.54 0.68919471 0.55787776 -0.075775534 -0.075153452
4.55 0.68843736 0.55712653 -0.07569329 -0.075091968
4.56 0.68768084 0.55637592 -0.075611115 -0.075030449
4.57 0.68692514 0.55562592 -0.07552901 -0.074968898
4.58 0.68617026 0.55487654 -0.075446975 -0.074907318
4.59 0.6854162 0.55412777 -0.075365011 -0.07484571
4.6 0.68466296 0.55337962 -0.075283116 -0.074784078
4.61 0.68391054 0.55263209 -0.075201293 -0.074722424
4.62 0.68315894 0.55188518 -0.075119541 -0.07466075
4.63 0.68240815 0.55113888 -0.07503786 -0.074599058
4.64 0.68165818 0.5503932 -0.074956251 -0.07453735
4.65 0.68090902 0.54964813 -0.074874714 -0.074475629
4.66 0.68016069 0.54890368 -0.074793249 -0.074413897
4.67 0.67941316 0.54815985 -0.074711857 -0.074352155
4.68 0.67866645 0.54741664 -0.074630538 -0.074290406
4.69 0.67792055 0.54667404 -0.074549293 -0.074228652
4.7 0.67717546 0.54593207 -0.07446812 -0.074166894
4.71 0.67643119 0.54519071 -0.074387021 -0.074105135
4.72 0.67568772 0.54444996 -0.074305996 -0.074043376
4.73 0.67494507 0.54370984 -0.074225046 -0.07398162
4.74 0.67420322 0.54297033 -0.074144169 -0.073919867
4.75 0.67346218 0.54223144 -0.074063367 -0.07385812
4.76 0.67272195 0.54149317 -0.07398264 -0.07379638
4.77 0.67198253 0.54075551 -0.073901988 -0.07373465
4.78 0.67124391 0.54001848 -0.073821411 -0.073672929
4.79 0.6705061 0.53928206 -0.073740909 -0.073611221
4.8 0.6697691 0.53854625 -0.073660483 -0.073549527
4.81 0.66903289 0.53781106 -0.073580132 -0.073487848
4.82 0.66829749 0.53707649 -0.073499858 -0.073426185
4.83 0.6675629 0.53634254 -0.07341966 -0.073364541
4.84 0.6668291 0.5356092 -0.073339537 -0.073302916
4.85 0.6660961 0.53487648 -0.073259492 -0.073241312
4.86 0.66536391 0.53414438 -0.073179522 -0.07317973
4.87 0.66463251 0.53341289 -0.07309963 -0.073118172
4.88 0.66390192 0.53268201 -0.073019814 -0.073056639
4.89 0.66317212 0.53195176 -0.072940075 -0.072995131
4.9 0.66244312 0.53122211 -0.072860414 -0.072933651
4.91 0.66171491 0.53049308 -0.072780829 -0.0728722
4.92 0.6609875 0.52976467 -0.072701322 -0.072810779
4.93 0.66026088 0.52903687 -0.072621893 -0.072749388
4.94 0.65953506 0.52830968 -0.072542541 -0.072688029
4.95 0.65881003 0.52758311 -0.072463267 -0.072626703
4.96 0.6580858 0.52685715 -0.07238407 -0.072565412
4.97 0.65736235 0.5261318 -0.072304952 -0.072504156
4.98 0.6566397 0.52540706 -0.072225911 -0.072442936
4.99 0.65591783 0.52468294 -0.072146949 -0.072381753
5 0.65519676 0.52395943 -0.072068065 -0.072320609
5.01 0.65447647 0.52323653 -0.071989259 -0.072259504
5.02 0.65375697 0.52251424 -0.071910532 -0.072198439
5.03 0.65303826 0.52179256 -0.071831883 -0.072137415
5.04 0.65232034 0.52107149 -0.071753313 -0.072076433
5.05 0.65160319 0.52035103 -0.071674821 -0.072015494
5.06 0.65088684 0.51963118 -0.071596408 -0.071954598
5.07 0.65017127 0.51891194 -0.071518074 -0.071893747
5.08 0.64945648 0.5181933 -0.071439819 -0.071832942
5.09 0.64874247 0.51747528 -0.071361643 -0.071772183
5.1 0.64802924 0.51675786 -0.071283545 -0.07171147
5.11 0.6473168 0.51604105 -0.071205527 -0.071650806
5.12 0.64660513 0.51532484 -0.071127587 -0.07159019
5.13 0.64589425 0.51460925 -0.071049727 -0.071529623
5.14 0.64518414 0.51389425 -0.070971946 -0.071469105
5.15 0.64447481 0.51317986 -0.070894244 -0.071408639
5.16 0.64376625 0.51246608 -0.070816621 -0.071348224
5.17 0.64305848 0.5117529 -0.070739078 -0.07128786
5.18 0.64235147 0.51104032 -0.070661614 -0.07122755
5.19 0.64164524 0.51032835 -0.070584229 -0.071167292
5.2 0.64093979 0.50961698 -0.070506924 -0.071107089
5.21 0.64023511 0.50890621 -0.070429698 -0.07104694
5.22 0.63953119 0.50819604 -0.070352551 -0.070986845
5.23 0.63882805 0.50748647 -0.070275485 -0.070926807
5.24 0.63812568 0.5067775 -0.070198497 -0.070866825
5.25 0.63742408 0.50606913 -0.070121589 -0.070806899
5.26 0.63672325 0.50536136 -0.070044761 -0.070747031
5.27 0.63602319 0.50465419 -0.069968012 -0.07068722
5.28 0.63532389 0.50394762 -0.069891342 -0.070627468
5.29 0.63462536 0.50324164 -0.069814753 -0.070567775
5.3 0.6339276 0.50253626 -0.069738242 -0.07050814
5.31 0.6332306 0.50183148 -0.069661812 -0.070448566
5.32 0.63253436 0.50112729 -0.069585461 -0.070389052
5.33 0.63183889 0.5004237 -0.069509189 -0.070329598
5.34 0.63114418 0.4997207 -0.069432997 -0.070270206
5.35 0.63045023 0.49901829 -0.069356885 -0.070210875
5.36 0.62975704 0.49831648 -0.069280852 -0.070151607
5.37 0.62906461 0.49761526 -0.069204899 -0.0700924
5.38 0.62837294 0.49691463 -0.069129026 -0.070033257
5.39 0.62768203 0.4962146 -0.069053232 -0.069974176
5.4 0.62699188 0.49551515 -0.068977517 -0.069915159
5.41 0.62630248 0.49481629 -0.068901882 -0.069856206
5.42 0.62561384 0.49411803 -0.068826327 -0.069797318
5.43 0.62492595 0.49342035 -0.068750851 -0.069738494
5.44 0.62423882 0.49272326 -0.068675455 -0.069679735
5.45 0.62355244 0.49202675 -0.068600138 -0.069621041
5.46 0.62286682 0.49133084 -0.068524901 -0.069562413
5.47 0.62218195 0.4906355 -0.068449743 -0.069503851
5.48 0.62149782 0.48994076 -0.068374664 -0.069445355
5.49 0.62081445 0.4892466 -0.068299665 -0.069386926
5.5 0.62013183 0.48855302 -0.068224746 -0.069328564
5.51 0.61944996 0.48786003 -0.068149905 -0.069270269
5.52 0.61876883 0.48716762 -0.068075144 -0.069212041
5.53 0.61808846 0.48647579 -0.068000463 -0.069153882
5.54 0.61740882 0.48578454 -0.06792586 -0.06909579
5.55 0.61672994 0.48509387 -0.067851337 -0.069037766
5.56 0.6160518 0.48440378 -0.067776894 -0.068979811
5.57 0.6153744 0.48371427 -0.067702529 -0.068921925
5.58 0.61469775 0.48302534 -0.067628243 -0.068864107
5.59 0.61402184 0.48233699 -0.067554037 -0.068806359
5.6 0.61334667 0.48164922 -0.06747991 -0.06874868
5.61 0.61267224 0.48096202 -0.067405861 -0.068691071
5.62 0.61199855 0.4802754 -0.067331892 -0.068633532
5.63 0.6113256 0.47958935 -0.067258002 -0.068576063
5.64 0.61065339 0.47890387 -0.06718419 -0.068518665
5.65 0.60998192 0.47821897 -0.067110458 -0.068461336
5.66 0.60931118 0.47753465 -0.067036805 -0.068404079
5.67 0.60864118 0.47685089 -0.06696323 -0.068346892
5.68 0.60797192 0.47616771 -0.066889734 -0.068289777
5.69 0.60730339 0.4754851 -0.066816317 -0.068232732
5.7 0.60663559 0.47480305 -0.066742978 -0.068175759
5.71 0.60596853 0.47412158 -0.066669718 -0.068118858
5.72 0.60530219 0.47344068 -0.066596537 -0.068062028
5.73 0.60463659 0.47276034 -0.066523434 -0.06800527
5.74 0.60397173 0.47208057 -0.06645041 -0.067948585
5.75 0.60330759 0.47140137 -0.066377464 -0.067891971
5.76 0.60264418 0.47072273 -0.066304596 -0.06783543
5.77 0.60198149 0.47004466 -0.066231807 -0.067778961
5.78 0.60131954 0.46936715 -0.066159097 -0.067722565
5.79 0.60065831 0.46869021 -0.066086464 -0.067666241
5.8 0.59999781 0.46801383 -0.06601391 -0.067609991
5.81 0.59933803 0.46733801 -0.065941434 -0.067553813
5.82 0.59867898 0.46666275 -0.065869036 -0.067497709
5.83 0.59802065 0.46598806 -0.065796716 -0.067441677
5.84 0.59736305 0.46531392 -0.065724474 -0.067385719
5.85 0.59670616 0.46464034 -0.06565231 -0.067329834
5.86 0.59605 0.46396732 -0.065580224 -0.067274023
5.87 0.59539456 0.46329486 -0.065508215 -0.067218286
5.88 0.59473984 0.46262296 -0.065436285 -0.067162622
5.89 0.59408583 0.46195161 -0.065364432 -0.067107032
5.9 0.59343255 0.46128082 -0.065292657 -0.067051516
5.91 0.59277998 0.46061058 -0.065220959 -0.066996074
5.92 0.59212813 0.45994089 -0.065149339 -0.066940706
5.93 0.59147699 0.45927176 -0.065077796 -0.066885412
5.94 0.59082657 0.45860319 -0.065006331 -0.066830193
5.95 0.59017687 0.45793516 -0.064934943 -0.066775047
5.96 0.58952787 0.45726769 -0.064863633 -0.066719976
5.97 0.58887959 0.45660076 -0.0647924 -0.06666498
5.98 0.58823203 0.45593439 -0.064721243 -0.066610058
5.99 0.58758517 0.45526856 -0.064650164 -0.066555211
6 0.58693902 0.45460328 -0.064579163 -0.066500438
6.01 0.58629359 0.45393855 -0.064508238 -0.06644574
6.02 0.58564886 0.45327437 -0.06443739 -0.066391116
6.03 0.58500484 0.45261073 -0.064366619 -0.066336568
6.04 0.58436153 0.45194764 -0.064295924 -0.066282094
6.05 0.58371892 0.45128509 -0.064225307 -0.066227695
6.06 0.58307702 0.45062308 -0.064154766 -0.066173371
6.07 0.58243583 0.44996162 -0.064084302 -0.066119123
6.08 0.58179533 0.4493007 -0.064013914 -0.066064949
6.09 0.58115555 0.44864032 -0.063943603 -0.06601085
6.1 0.58051646 0.44798048 -0.063873368 -0.065956826
6.11 0.57987808 0.44732118 -0.063803209 -0.065902878
6.12 0.5792404 0.44666242 -0.063733127 -0.065849004
6.13 0.57860342 0.4460042 -0.063663121 -0.065795206
6.14 0.57796714 0.44534652 -0.063593191 -0.065741483
6.15 0.57733155 0.44468937 -0.063523338 -0.065687836
6.16 0.57669667 0.44403276 -0.06345356 -0.065634263
6.17 0.57606248 0.44337669 -0.063383858 -0.065580766
6.18 0.57542899 0.44272115 -0.063314232 -0.065527344
6.19 0.5747962 0.44206614 -0.063244682 -0.065473998
6.2 0.5741641 0.44141167 -0.063175208 -0.065420727
6.21 0.57353269 0.44075773 -0.063105809 -0.065367531
6.22 0.57290198 0.44010432 -0.063036486 -0.065314411
6.23 0.57227196 0.43945144 -0.062967239 -0.065261366
6.24 0.57164264 0.43879909 -0.062898067 -0.065208397
6.25 0.571014 0.43814727 -0.06282897 -0.065155503
6.26 0.57038606 0.43749598 -0.062759949 -0.065102684
6.27 0.5697588 0.43684522 -0.062691003 -0.065049941
6.28 0.56913224 0.43619498 -0.062622132 -0.064997273
6.29 0.56850636 0.43554527 -0.062553337 -0.064944681
6.3 0.56788117 0.43489609 -0.062484616 -0.064892164
6.31 0.56725667 0.43424743 -0.06241597 -0.064839723
6.32 0.56663285 0.43359929 -0.0623474 -0.064787357
6.33 0.56600972 0.43295168 -0.062278904 -0.064735067
6.34 0.56538727 0.43230459 -0.062210483 -0.064682852
6.35 0.56476551 0.43165802 -0.062142136 -0.064630713
6.36 0.56414443 0.43101198 -0.062073865 -0.064578649
6.37 0.56352403 0.43036645 -0.062005667 -0.06452666
6.38 0.56290432 0.42972144 -0.061937545 -0.064474747
6.39 0.56228528 0.42907696 -0.061869496 -0.06442291
6.4 0.56166693 0.42843299 -0.061801522 -0.064371147
6.41 0.56104925 0.42778953 -0.061733623 -0.064319461
6.42 0.56043226 0.4271466 -0.061665797 -0.064267849
6.43 0.55981594 0.42650418 -0.061598046 -0.064216313
6.44 0.55920029 0.42586227 -0.061530369 -0.064164853
6.45 0.55858533 0.42522088 -0.061462765 -0.064113468
6.46 0.55797104 0.42458 -0.061395236 -0.064062158
6.47 0.55735742 0.42393964 -0.06132778 -0.064010923
6.48 0.55674448 0.42329978 -0.061260399 -0.063959764
6.49 0.55613222 0.42266044 -0.061193091 -0.06390868
6.5 0.55552062 0.42202161 -0.061125856 -0.063857672
6.51 0.5549097 0.42138329 -0.061058695 -0.063806738
6.52 0.55429945 0.42074547 -0.060991608 -0.06375588
6.53 0.55368987 0.42010817 -0.060924594 -0.063705098
6.54 0.55308096 0.41947137 -0.060857653 -0.06365439
6.55 0.55247271 0.41883508 -0.060790786 -0.063603758
6.56 0.55186514 0.4181993 -0.060723991 -0.0635532
6.57 0.55125823 0.41756402 -0.06065727 -0.063502718
6.58 0.55065199 0.41692924 -0.060590622 -0.063452311
6.59 0.55004642 0.41629497 -0.060524047 -0.063401979
6.6 0.54944151 0.4156612 -0.060457545 -0.063351723
6.61 0.54883727 0.41502794 -0.060391115 -0.063301541
6.62 0.54823369 0.41439517 -0.060324759 -0.063251434
6.63 0.54763078 0.41376291 -0.060258475 -0.063201402
6.64 0.54702852 0.41313114 -0.060192263 -0.063151446
6.65 0.54642693 0.41249988 -0.060126124 -0.063101564
6.66 0.545826 0.41186911 -0.060060058 -0.063051757
6.67 0.54522573 0.41123884 -0.059994064 -0.063002025
6.68 0.54462612 0.41060907 -0.059928142 -0.062952367
6.69 0.54402717 0.4099798 -0.059862292 -0.062902785
6.7 0.54342887 0.40935102 -0.059796515 -0.062853277
6.71 0.54283124 0.40872273 -0.05973081 -0.062803844
6.72 0.54223426 0.40809494 -0.059665176 -0.062754486
6.73 0.54163793 0.40746764 -0.059599615 -0.062705203
6.74 0.54104226 0.40684084 -0.059534125 -0.062655994
6.75 0.54044725 0.40621452 -0.059468708 -0.06260686
6.76 0.53985289 0.4055887 -0.059403362 -0.0625578
6.77 0.53925918 0.40496337 -0.059338087 -0.062508815
6.78 0.53866613 0.40433852 -0.059272884 -0.062459904
6.79 0.53807372 0.40371417 -0.059207753 -0.062411068
6.8 0.53748197 0.4030903 -0.059142693 -0.062362307
6.81 0.53689087 0.40246692 -0.059077704 -0.062313619
6.82 0.53630042 0.40184403 -0.059012787 -0.062265006
6.83 0.53571062 0.40122162 -0.058947941 -0.062216468
6.84 0.53512146 0.4005997 -0.058883166 -0.062168004
6.85 0.53453295 0.39997826 -0.058818462 -0.062119613
6.86 0.53394509 0.39935731 -0.058753829 -0.062071298
6.87 0.53335788 0.39873684 -0.058689267 -0.062023056
6.88 0.53277131 0.39811685 -0.058624775 -0.061974889
6.89 0.53218538 0.39749734 -0.058560355 -0.061926795
6.9 0.5316001 0.39687831 -0.058496005 -0.061878776
6.91 0.53101546 0.39625976 -0.058431726 -0.061830831
6.92 0.53043146 0.39564169 -0.058367517 -0.061782959
6.93 0.52984811 0.3950241 -0.058303378 -0.061735162
6.94 0.5292654 0.39440699 -0.058239311 -0.061687438
6.95 0.52868332 0.39379035 -0.058175313 -0.061639789
6.96 0.52810189 0.39317419 -0.058111385 -0.061592213
6.97 0.5275211 0.39255851 -0.058047528 -0.061544711
6.98 0.52694094 0.3919433 -0.057983741 -0.061497283
6.99 0.52636142 0.39132856 -0.057920024 -0.061449928
7 0.52578254 0.3907143 -0.057856377 -0.061402647
