0 1 0 0 0.91956429
0.01 1.0000024 0.0091956429 0.00048318007 0.91941899
0.02 1.0000097 0.01838838 0.00096308657 0.9189833
0.03 1.0000217 0.027575309 0.0014364595 0.91825777
0.04 1.0000384 0.036753535 0.0019000659 0.91724334
0.05 1.0000597 0.045920176 0.0023507128 0.91594131
0.06 1.0000854 0.055072362 0.0027852607 0.91435335
0.07 1.0001154 0.064207243 0.0032006355 0.91248148
0.08 1.0001494 0.073321991 0.0035938406 0.91032808
0.09 1.0001873 0.082413804 0.0039619684 0.90789586
0.1 1.0002287 0.091479908 0.0043022107 0.90518787
0.11 1.0002733 0.10051756 0.0046118689 0.90220748
0.12 1.0003209 0.10952406 0.0048883628 0.89895837
0.13 1.0003711 0.11849673 0.0051292389 0.89544451
0.14 1.0004235 0.12743295 0.0053321779 0.89167015
0.15 1.0004777 0.13633013 0.0054950008 0.88763982
0.16 1.0005334 0.14518574 0.0056156746 0.8833583
0.17 1.00059 0.1539973 0.0056923165 0.8788306
0.18 1.0006472 0.16276236 0.0057231978 0.87406196
0.19 1.0007045 0.17147854 0.0057067463 0.86905783
0.2 1.0007614 0.18014351 0.005641548 0.86382384
0.21 1.0008173 0.18875501 0.005526348 0.85836582
0.22 1.0008719 0.19731083 0.0053600508 0.85268974
0.23 1.0009245 0.20580881 0.0051417187 0.84680171
0.24 1.0009747 0.21424686 0.0048705712 0.84070798
0.25 1.0010219 0.22262297 0.0045459822 0.83441492
0.26 1.0010656 0.23093516 0.0041674771 0.82792898
0.27 1.0011053 0.23918155 0.0037347297 0.82125672
0.28 1.0011403 0.2473603 0.0032475578 0.81440474
0.29 1.0011702 0.25546964 0.0027059189 0.80737971
0.3 1.0011944 0.26350789 0.0021099057 0.80018835
0.31 1.0012124 0.27147341 0.0014597401 0.79283741
0.32 1.0012236 0.27936464 0.00075576819 0.78533363
0.33 1.0012275 0.28718008 -1.5454423e-06 0.7776838
0.34 1.0012236 0.29491832 -0.00081162404 0.76989466
0.35 1.0012113 0.30257798 -0.0016737846 0.76197298
0.36 1.0011901 0.31015778 -0.002587244 0.75392546
0.37 1.0011596 0.31765649 -0.0035511255 0.7457588
0.38 1.0011191 0.32507295 -0.0045644649 0.73747964
0.39 1.0010683 0.33240608 -0.0056262169 0.72909457
0.4 1.0010066 0.33965485 -0.0067352613 0.72061011
0.41 1.0009336 0.34681829 -0.0078904091 0.71203272
0.42 1.0008488 0.3538955 -0.0090904088 0.7033688
0.43 1.0007518 0.36088566 -0.010333952 0.69462465
0.44 1.0006421 0.367788 -0.01161968 0.68580648
0.45 1.0005194 0.37460179 -0.012946187 0.67692043
0.46 1.0003832 0.38132641 -0.01431203 0.66797251
0.47 1.0002331 0.38796125 -0.01571573 0.65896866
0.48 1.0000689 0.39450578 -0.017155779 0.6499147
0.49 0.99989001 0.40095954 -0.018630644 0.64081634
0.5 0.99969624 0.40732211 -0.020138772 0.63167917
0.51 0.99948723 0.41359313 -0.021678596 0.62250867
0.52 0.99926267 0.41977228 -0.023248537 0.61331021
0.53 0.99902226 0.42585933 -0.024847008 0.60408902
0.54 0.99876572 0.43185407 -0.02647242 0.59485023
0.55 0.99849281 0.43775634 -0.028123183 0.58559882
0.56 0.99820326 0.44356604 -0.029797714 0.57633965
0.57 0.99789685 0.44928313 -0.031494432 0.56707747
0.58 0.99757337 0.45490759 -0.033211769 0.55781687
0.59 0.99723261 0.46043947 -0.034948169 0.54856234
0.6 0.9968744 0.46587884 -0.036702092 0.53931822
0.61 0.99649857 0.47122584 -0.038472015 0.53008873
0.62 0.99610496 0.47648062 -0.040256433 0.52087794
0.63 0.99569344 0.4816434 -0.042053865 0.51168982
0.64 0.99526388 0.48671442 -0.043862855 0.5025282
0.65 0.99481618 0.49169396 -0.045681968 0.49339675
0.66 0.99435024 0.49658235 -0.047509801 0.48429905
0.67 0.99386598 0.50137994 -0.049344975 0.47523853
0.68 0.99336334 0.50608712 -0.051186143 0.46621851
0.69 0.99284226 0.51070432 -0.053031988 0.45724216
0.7 0.9923027 0.51523197 -0.054881226 0.44831253
0.71 0.99174463 0.51967057 -0.056732602 0.43943257
0.72 0.99116805 0.52402062 -0.058584898 0.43060508
0.73 0.99057294 0.52828267 -0.060436927 0.42183274
0.74 0.98995931 0.53245728 -0.062287537 0.41311814
0.75 0.98932718 0.53654503 -0.064135613 0.40446371
0.76 0.98867659 0.54054655 -0.065980071 0.39587179
0.77 0.98800758 0.54446247 -0.067819865 0.3873446
0.78 0.9873202 0.54829345 -0.069653983 0.37888426
0.79 0.9866145 0.55204016 -0.07148145 0.37049275
0.8 0.98589057 0.5557033 -0.073301323 0.36217197
0.81 0.98514847 0.5592836 -0.075112699 0.35392371
0.82 0.98438831 0.56278178 -0.076914705 0.34574963
0.83 0.98361018 0.56619859 -0.078706507 0.33765131
0.84 0.98281418 0.56953481 -0.080487303 0.32963024
0.85 0.98200043 0.5727912 -0.082256327 0.32168779
0.86 0.98116905 0.57596856 -0.084012845 0.31382526
0.87 0.98032017 0.57906771 -0.085756159 0.30604382
0.88 0.97945393 0.58208944 -0.087485601 0.29834458
0.89 0.97857046 0.5850346 -0.089200538 0.29072856
0.9 0.97766992 0.58790401 -0.090900368 0.28319667
0.91 0.97675245 0.59069853 -0.09258452 0.27574978
0.92 0.97581823 0.59341901 -0.094252456 0.26838863
0.93 0.9748674 0.59606631 -0.095903665 0.26111391
0.94 0.97390015 0.59864129 -0.097537669 0.25392623
0.95 0.97291665 0.60114483 -0.099154017 0.24682611
0.96 0.97191707 0.60357781 -0.10075229 0.23981403
0.97 0.9709016 0.60594111 -0.10233208 0.23289037
0.98 0.96987043 0.60823562 -0.10389304 0.22605545
0.99 0.96882374 0.61046222 -0.10543482 0.21930954
1 0.96776173 0.61262181 -0.1069571 0.21265283
1.01 0.9666846 0.61471528 -0.10845959 0.20608545
1.02 0.96559254 0.61674352 -0.10994203 0.19960748
1.03 0.96448576 0.61870743 -0.11140418 0.19321894
1.04 0.96336446 0.6206079 -0.11284581 0.1869198
1.05 0.96222884 0.62244583 -0.11426673 0.18070998
1.06 0.96107912 0.6242221 -0.11566676 0.17458932
1.07 0.95991551 0.62593762 -0.11704575 0.16855766
1.08 0.95873821 0.62759326 -0.11840356 0.16261475
1.09 0.95754743 0.62918991 -0.11974008 0.15676034
1.1 0.9563434 0.63072846 -0.12105521 0.1509941
1.11 0.95512633 0.63220979 -0.12234886 0.14531567
1.12 0.95389643 0.63363478 -0.12362098 0.13972466
1.13 0.95265391 0.63500429 -0.12487153 0.13422064
1.14 0.95139899 0.63631919 -0.12610047 0.12880315
1.15 0.9501319 0.63758035 -0.12730779 0.12347168
1.16 0.94885284 0.63878862 -0.1284935 0.1182257
1.17 0.94756203 0.63994487 -0.1296576 0.11306466
1.18 0.94625969 0.64104992 -0.13080013 0.10798797
1.19 0.94494603 0.64210463 -0.13192112 0.10299501
1.2 0.94362126 0.64310982 -0.13302064 0.098085146
1.21 0.94228561 0.64406633 -0.13409875 0.093257711
1.22 0.94093929 0.64497497 -0.13515553 0.088512022
1.23 0.9395825 0.64583657 -0.13619107 0.083847374
1.24 0.93821547 0.64665192 -0.13720546 0.07926304
1.25 0.93683839 0.64742183 -0.13819881 0.074758279
1.26 0.93545149 0.64814709 -0.13917124 0.070332331
1.27 0.93405497 0.64882848 -0.14012288 0.06598442
1.28 0.93264903 0.64946678 -0.14105387 0.061713757
1.29 0.93123389 0.65006275 -0.14196433 0.05751954
1.3 0.92980975 0.65061717 -0.14285443 0.053400955
1.31 0.9283768 0.65113077 -0.14372433 0.049357175
1.32 0.92693526 0.65160431 -0.14457417 0.045387365
1.33 0.92548532 0.65203852 -0.14540414 0.041490681
1.34 0.92402718 0.65243413 -0.14621441 0.037666271
1.35 0.92256103 0.65279185 -0.14700516 0.033913276
1.36 0.92108707 0.65311239 -0.14777657 0.03023083
1.37 0.9196055 0.65339646 -0.14852883 0.026618064
1.38 0.9181165 0.65364475 -0.14926215 0.023074101
1.39 0.91662025 0.65385795 -0.1499767 0.019598064
1.4 0.91511696 0.65403671 -0.15067271 0.016189072
1.41 0.9136068 0.65418173 -0.15135036 0.01284624
1.42 0.91208995 0.65429364 -0.15200988 0.0095686844
1.43 0.9105666 0.6543731 -0.15265147 0.0063555193
1.44 0.90903692 0.65442075 -0.15327533 0.003205859
1.45 0.9075011 0.65443722 -0.1538817 0.00011881822
1.46 0.90595929 0.65442313 -0.15447078 -0.0029064871
1.47 0.90441168 0.65437909 -0.15504279 -0.0058709394
1.48 0.90285843 0.65430571 -0.15559796 -0.0087754191
1.49 0.90129972 0.65420358 -0.1561365 -0.011620804
1.5 0.8997357 0.65407329 -0.15665863 -0.014407968
1.51 0.89816655 0.65391542 -0.15716459 -0.017137782
1.52 0.89659241 0.65373054 -0.15765458 -0.019811114
1.53 0.89501346 0.6535192 -0.15812885 -0.022428826
1.54 0.89342984 0.65328196 -0.1585876 -0.024991775
1.55 0.8918417 0.65301936 -0.15903106 -0.027500813
1.56 0.89024921 0.65273194 -0.15945946 -0.029956789
1.57 0.88865251 0.65242023 -0.15987303 -0.032360543
1.58 0.88705175 0.65208473 -0.16027197 -0.034712909
1.59 0.88544708 0.65172597 -0.16065653 -0.037014717
1.6 0.88383862 0.65134444 -0.16102691 -0.039266788
1.61 0.88222654 0.65094063 -0.16138334 -0.041469938
1.62 0.88061096 0.65051504 -0.16172604 -0.043624974
1.63 0.87899202 0.65006813 -0.16205523 -0.045732697
1.64 0.87736985 0.64960039 -0.16237113 -0.0477939
1.65 0.87574459 0.64911226 -0.16267395 -0.049809367
1.66 0.87411637 0.6486042 -0.1629639 -0.051779876
1.67 0.87248532 0.64807666 -0.16324121 -0.053706197
1.68 0.87085155 0.64753008 -0.16350608 -0.05558909
1.69 0.86921519 0.64696488 -0.16375873 -0.057429308
1.7 0.86757637 0.64638149 -0.16399936 -0.059227596
1.71 0.86593521 0.64578033 -0.16422818 -0.060984688
1.72 0.86429181 0.6451618 -0.1644454 -0.062701313
1.73 0.8626463 0.6445263 -0.16465121 -0.064378188
1.74 0.86099879 0.64387423 -0.16484583 -0.066016023
1.75 0.85934938 0.64320598 -0.16502945 -0.067615519
1.76 0.8576982 0.64252192 -0.16520227 -0.069177368
1.77 0.85604534 0.64182243 -0.16536448 -0.070702252
1.78 0.85439091 0.64110788 -0.16551628 -0.072190846
1.79 0.85273501 0.64037862 -0.16565786 -0.073643815
1.8 0.85107775 0.639635 -0.16578941 -0.075061815
1.81 0.84941922 0.63887738 -0.16591111 -0.076445492
1.82 0.84775953 0.63810609 -0.16602315 -0.077795485
1.83 0.84609876 0.63732147 -0.16612572 -0.079112422
1.84 0.84443701 0.63652384 -0.16621898 -0.080396925
1.85 0.84277438 0.63571353 -0.16630313 -0.081649603
1.86 0.84111095 0.63489085 -0.16637834 -0.082871059
1.87 0.83944681 0.63405611 -0.16644478 -0.084061886
1.88 0.83778205 0.63320961 -0.16650262 -0.085222669
1.89 0.83611676 0.63235166 -0.16655203 -0.086353982
1.9 0.83445101 0.63148253 -0.16659317 -0.087456393
1.91 0.8327849 0.63060253 -0.16662622 -0.088530459
1.92 0.83111849 0.62971192 -0.16665134 -0.08957673
1.93 0.82945187 0.62881099 -0.16666867 -0.090595746
1.94 0.82778512 0.62790001 -0.16667839 -0.091588039
1.95 0.8261183 0.62697923 -0.16668064 -0.092554133
1.96 0.8244515 0.62604893 -0.16667558 -0.093494543
1.97 0.82278479 0.62510934 -0.16666337 -0.094409774
1.98 0.82111824 0.62416073 -0.16664413 -0.095300327
1.99 0.81945191 0.62320334 -0.16661804 -0.09616669
2 0.81778588 0.6222374 -0.16658522 -0.097009346
2.01 0.8161202 0.62126315 -0.16654581 -0.097828768
2.02 0.81445496 0.62028082 -0.16649997 -0.098625422
2.03 0.8127902 0.61929064 -0.16644782 -0.099399767
2.04 0.811126 0.61829283 -0.1663895 -0.10015225
2.05 0.80946241 0.6172876 -0.16632514 -0.10088332
2.06 0.8077995 0.61627516 -0.16625488 -0.10159341
2.07 0.80613732 0.61525573 -0.16617883 -0.10228293
2.08 0.80447592 0.6142295 -0.16609714 -0.10295233
2.09 0.80281537 0.61319668 -0.16600991 -0.103602
2.1 0.80115572 0.61215746 -0.16591728 -0.10423235
2.11 0.79949703 0.61111203 -0.16581937 -0.10484378
2.12 0.79783934 0.61006059 -0.16571628 -0.10543668
2.13 0.7961827 0.6090033 -0.16560814 -0.10601143
2.14 0.79452717 0.60794036 -0.16549506 -0.10656841
2.15 0.7928728 0.60687193 -0.16537716 -0.107108
2.16 0.79121963 0.6057982 -0.16525453 -0.10763054
2.17 0.78956771 0.60471932 -0.1651273 -0.1081364
2.18 0.78791709 0.60363547 -0.16499556 -0.10862593
2.19 0.7862678 0.6025468 -0.16485943 -0.10909948
2.2 0.7846199 0.60145348 -0.164719 -0.10955737
2.21 0.78297342 0.60035565 -0.16457437 -0.10999994
2.22 0.78132841 0.59925348 -0.16442564 -0.11042752
2.23 0.77968491 0.5981471 -0.16427292 -0.11084041
2.24 0.77804295 0.59703667 -0.16411628 -0.11123895
2.25 0.77640258 0.59592233 -0.16395584 -0.11162342
2.26 0.77476383 0.5948042 -0.16379167 -0.11199414
2.27 0.77312675 0.59368244 -0.16362387 -0.11235139
2.28 0.77149136 0.59255718 -0.16345253 -0.11269547
2.29 0.7698577 0.59142853 -0.16327773 -0.11302666
2.3 0.7682258 0.59029664 -0.16309956 -0.11334523
2.31 0.76659571 0.58916163 -0.1629181 -0.11365147
2.32 0.76496744 0.58802361 -0.16273344 -0.11394563
2.33 0.76334104 0.58688272 -0.16254565 -0.11422799
2.34 0.76171653 0.58573905 -0.16235481 -0.11449879
2.35 0.76009394 0.58459274 -0.162161 -0.1147583
2.36 0.75847331 0.58344389 -0.16196429 -0.11500675
2.37 0.75685466 0.58229261 -0.16176476 -0.11524439
2.38 0.75523801 0.581139 -0.16156249 -0.11547146
2.39 0.75362341 0.57998318 -0.16135753 -0.11568819
2.4 0.75201086 0.57882524 -0.16114998 -0.11589481
2.41 0.75040041 0.57766528 -0.16093988 -0.11609154
2.42 0.74879206 0.57650341 -0.16072731 -0.1162786
2.43 0.74718586 0.57533971 -0.16051233 -0.11645621
2.44 0.74558182 0.57417428 -0.16029501 -0.11662458
2.45 0.74397996 0.57300722 -0.16007542 -0.11678391
2.46 0.74238031 0.5718386 -0.15985361 -0.11693441
2.47 0.74078289 0.57066853 -0.15962965 -0.11707627
2.48 0.73918772 0.56949708 -0.15940358 -0.11720969
2.49 0.73759482 0.56832433 -0.15917549 -0.11733486
2.5 0.73600421 0.56715038 -0.15894541 -0.11745197
2.51 0.73441591 0.56597529 -0.15871341 -0.11756119
2.52 0.73282994 0.56479916 -0.15847953 -0.11766271
2.53 0.73124632 0.56362204 -0.15824385 -0.1177567
2.54 0.72966506 0.56244402 -0.1580064 -0.11784334
2.55 0.72808619 0.56126517 -0.15776724 -0.11792279
2.56 0.72650972 0.56008557 -0.15752642 -0.11799522
2.57 0.72493566 0.55890527 -0.15728398 -0.11806078
2.58 0.72336404 0.55772435 -0.15703999 -0.11811964
2.59 0.72179486 0.55654288 -0.15679448 -0.11817195
2.6 0.72022815 0.55536091 -0.1565475 -0.11821786
2.61 0.71866391 0.55417852 -0.1562991 -0.11825753
2.62 0.71710217 0.55299576 -0.15604932 -0.11829109
2.63 0.71554292 0.5518127 -0.1557982 -0.11831869
2.64 0.7139862 0.55062939 -0.15554579 -0.11834046
2.65 0.71243201 0.54944589 -0.15529213 -0.11835655
2.66 0.71088036 0.54826226 -0.15503726 -0.11836709
2.67 0.70933126 0.54707855 -0.15478122 -0.11837221
2.68 0.70778473 0.54589481 -0.15452406 -0.11837204
2.69 0.70624078 0.54471111 -0.1542658 -0.1183667
2.7 0.70469942 0.54352748 -0.15400648 -0.11835631
2.71 0.70316065 0.54234398 -0.15374615 -0.118341
2.72 0.7016245 0.54116066 -0.15348483 -0.11832088
2.73 0.70009096 0.53997756 -0.15322257 -0.11829607
2.74 0.69856004 0.53879474 -0.1529594 -0.11826668
2.75 0.69703177 0.53761223 -0.15269535 -0.11823283
2.76 0.69550614 0.53643008 -0.15243046 -0.11819461
2.77 0.69398316 0.53524834 -0.15216475 -0.11815214
2.78 0.69246284 0.53406704 -0.15189826 -0.11810551
2.79 0.69094519 0.53288623 -0.15163103 -0.11805484
2.8 0.68943022 0.53170594 -0.15136307 -0.11800022
2.81 0.68791793 0.53052622 -0.15109442 -0.11794174
2.82 0.68640833 0.52934711 -0.15082511 -0.11787951
2.83 0.68490143 0.52816863 -0.15055517 -0.11781361
2.84 0.68339723 0.52699083 -0.15028462 -0.11774413
2.85 0.68189574 0.52581375 -0.15001349 -0.11767117
2.86 0.68039696 0.52463741 -0.14974181 -0.11759481
2.87 0.6789009 0.52346185 -0.14946961 -0.11751514
2.88 0.67740757 0.52228711 -0.14919691 -0.11743224
2.89 0.67591696 0.52111321 -0.14892373 -0.11734619
2.9 0.67442909 0.51994018 -0.1486501 -0.11725707
2.91 0.67294396 0.51876807 -0.14837604 -0.11716497
2.92 0.67146157 0.51759688 -0.14810158 -0.11706995
2.93 0.66998193 0.51642667 -0.14782673 -0.11697209
2.94 0.66850504 0.51525744 -0.14755153 -0.11687147
2.95 0.6670309 0.51408924 -0.14727599 -0.11676815
2.96 0.66555952 0.51292208 -0.14700013 -0.11666221
2.97 0.6640909 0.51175599 -0.14672398 -0.11655371
2.98 0.66262504 0.51059101 -0.14644755 -0.11644273
2.99 0.66116195 0.50942714 -0.14617086 -0.11632933
3 0.65970162 0.50826442 -0.14589394 -0.11621356
3.01 0.65824407 0.50710287 -0.1456168 -0.11609551
3.02 0.65678928 0.50594251 -0.14533946 -0.11597522
3.03 0.65533728 0.50478336 -0.14506194 -0.11585275
3.04 0.65388805 0.50362545 -0.14478426 -0.11572817
3.05 0.65244159 0.5024688 -0.14450643 -0.11560154
3.06 0.65099792 0.50131342 -0.14422847 -0.1154729
3.07 0.64955702 0.50015934 -0.1439504 -0.11534232
3.08 0.64811891 0.49900658 -0.14367223 -0.11520984
3.09 0.64668358 0.49785515 -0.14339398 -0.11507553
3.1 0.64525103 0.49670507 -0.14311567 -0.11493943
3.11 0.64382126 0.49555636 -0.1428373 -0.11480159
3.12 0.64239428 0.49440903 -0.1425589 -0.11466207
3.13 0.64097009 0.49326312 -0.14228047 -0.1145209
3.14 0.63954867 0.49211862 -0.14200204 -0.11437814
3.15 0.63813005 0.49097555 -0.14172362 -0.11423384
3.16 0.6367142 0.48983394 -0.14144521 -0.11408803
3.17 0.63530114 0.48869379 -0.14116684 -0.11394077
3.18 0.63389087 0.48755512 -0.14088851 -0.11379209
3.19 0.63248337 0.48641795 -0.14061024 -0.11364204
3.2 0.63107866 0.48528228 -0.14033203 -0.11349066
3.21 0.62967673 0.48414814 -0.14005391 -0.11333799
3.22 0.62827758 0.48301552 -0.13977588 -0.11318406
3.23 0.62688121 0.48188446 -0.13949796 -0.11302893
3.24 0.62548762 0.48075495 -0.13922015 -0.11287262
3.25 0.62409681 0.479627 -0.13894247 -0.11271517
3.26 0.62270877 0.47850064 -0.13866492 -0.11255662
3.27 0.62132351 0.47737587 -0.13838752 -0.112397
3.28 0.61994102 0.4762527 -0.13811028 -0.11223635
3.29 0.61856131 0.47513114 -0.1378332 -0.11207471
3.3 0.61718436 0.47401121 -0.1375563 -0.11191209
3.31 0.61581018 0.4728929 -0.13727959 -0.11174855
3.32 0.61443877 0.47177624 -0.13700307 -0.1115841
3.33 0.61307012 0.47066122 -0.13672675 -0.11141878
3.34 0.61170423 0.46954786 -0.13645064 -0.11125262
3.35 0.61034111 0.46843617 -0.13617475 -0.11108565
3.36 0.60898074 0.46732615 -0.1358991 -0.11091789
3.37 0.60762312 0.46621781 -0.13562367 -0.11074938
3.38 0.60626826 0.46511116 -0.1353485 -0.11058014
3.39 0.60491615 0.46400621 -0.13507357 -0.11041021
3.4 0.60356679 0.46290296 -0.1347989 -0.11023959
3.41 0.60222018 0.46180141 -0.1345245 -0.11006833
3.42 0.6008763 0.46070159 -0.13425037 -0.10989645
3.43 0.59953517 0.45960349 -0.13397653 -0.10972396
3.44 0.59819677 0.45850711 -0.13370297 -0.10955091
3.45 0.59686111 0.45741247 -0.1334297 -0.1093773
3.46 0.59552818 0.45631956 -0.13315673 -0.10920316
3.47 0.59419797 0.4552284 -0.13288407 -0.10902851
3.48 0.5928705 0.45413899 -0.13261172 -0.10885338
3.49 0.59154574 0.45305134 -0.13233969 -0.10867779
3.5 0.5902237 0.45196544 -0.13206798 -0.10850175
3.51 0.58890438 0.4508813 -0.1317966 -0.1083253
3.52 0.58758777 0.44979893 -0.13152555 -0.10814844
3.53 0.58627387 0.44871833 -0.13125485 -0.1079712
3.54 0.58496267 0.44763951 -0.13098449 -0.10779359
3.55 0.58365418 0.44656246 -0.13071448 -0.10761564
3.56 0.58234838 0.4454872 -0.13044482 -0.10743736
3.57 0.58104528 0.44441371 -0.13017552 -0.10725878
3.58 0.57974487 0.44334202 -0.12990659 -0.1070799
3.59 0.57844715 0.44227212 -0.12963803 -0.10690075
3.6 0.57715211 0.44120401 -0.12936984 -0.10672134
3.61 0.57585975 0.44013769 -0.12910202 -0.10654169
3.62 0.57457007 0.43907317 -0.12883459 -0.10636181
3.63 0.57328306 0.43801045 -0.12856754 -0.10618172
3.64 0.57199872 0.43694954 -0.12830088 -0.10600144
3.65 0.57071705 0.43589042 -0.12803462 -0.10582097
3.66 0.56943803 0.43483312 -0.12776875 -0.10564034
3.67 0.56816167 0.43377762 -0.12750328 -0.10545956
3.68 0.56688796 0.43272393 -0.12723821 -0.10527863
3.69 0.56561691 0.43167205 -0.12697355 -0.10509758
3.7 0.56434849 0.43062197 -0.1267093 -0.10491642
3.71 0.56308272 0.42957372 -0.12644547 -0.10473516
3.72 0.56181958 0.42852727 -0.12618205 -0.10455382
3.73 0.56055908 0.42748264 -0.12591905 -0.1043724
3.74 0.5593012 0.42643982 -0.12565647 -0.10419091
3.75 0.55804595 0.42539882 -0.12539432 -0.10400937
3.76 0.55679332 0.42435964 -0.12513259 -0.1038278
3.77 0.5555433 0.42332227 -0.1248713 -0.10364619
3.78 0.55429589 0.42228671 -0.12461043 -0.10346457
3.79 0.55305109 0.42125297 -0.12435001 -0.10328294
3.8 0.55180889 0.42022105 -0.12409002 -0.10310131
3.81 0.55056929 0.41919095 -0.12383047 -0.1029197
3.82 0.54933228 0.41816266 -0.12357136 -0.10273811
3.83 0.54809786 0.41713619 -0.1233127 -0.10255655
3.84 0.54686603 0.41611153 -0.12305448 -0.10237503
3.85 0.54563677 0.41508869 -0.12279672 -0.10219356
3.86 0.54441009 0.41406766 -0.1225394 -0.10201216
3.87 0.54318598 0.41304844 -0.12228254 -0.10183082
3.88 0.54196444 0.41203104 -0.12202613 -0.10164956
3.89 0.54074546 0.41101545 -0.12177017 -0.10146838
3.9 0.53952904 0.41000167 -0.12151467 -0.1012873
3.91 0.53831517 0.40898971 -0.12125964 -0.10110631
3.92 0.53710385 0.40797955 -0.12100506 -0.10092544
3.93 0.53589507 0.4069712 -0.12075095 -0.10074468
3.94 0.53468883 0.40596465 -0.1204973 -0.10056405
3.95 0.53348512 0.40495992 -0.12024411 -0.10038355
3.96 0.53228394 0.40395698 -0.11999139 -0.10020319
3.97 0.53108529 0.40295585 -0.11973914 -0.10002297
3.98 0.52988916 0.40195652 -0.11948736 -0.099842897
3.99 0.52869555 0.40095899 -0.11923605 -0.099662987
4 0.52750444 0.39996326 -0.11898521 -0.09948324
4.01 0.52631584 0.39896933 -0.11873484 -0.099303664
4.02 0.52512974 0.39797719 -0.11848494 -0.099124264
4.03 0.52394614 0.39698684 -0.11823552 -0.098945046
4.04 0.52276503 0.39599829 -0.11798658 -0.098766015
4.05 0.52158641 0.39501152 -0.11773811 -0.098587179
4.06 0.52041027 0.39402655 -0.11749012 -0.09840854
4.07 0.51923661 0.39304335 -0.11724261 -0.098230106
4.08 0.51806542 0.39206194 -0.11699557 -0.098051881
4.09 0.5168967 0.39108232 -0.11674902 -0.09787387
4.1 0.51573044 0.39010447 -0.11650294 -0.097696078
4.11 0.51456664 0.38912839 -0.11625735 -0.09751851
4.12 0.51340529 0.3881541 -0.11601224 -0.09734117
4.13 0.51224639 0.38718157 -0.11576761 -0.097164064
4.14 0.51108994 0.38621081 -0.11552346 -0.096987194
4.15 0.50993593 0.38524183 -0.11527979 -0.096810567
4.16 0.50878434 0.3842746 -0.11503661 -0.096634185
4.17 0.50763519 0.38330914 -0.11479391 -0.096458053
4.18 0.50648847 0.38234544 -0.1145517 -0.096282175
4.19 0.50534416 0.3813835 -0.11430997 -0.096106554
4.2 0.50420227 0.38042331 -0.11406873 -0.095931195
4.21 0.50306278 0.37946488 -0.11382797 -0.095756101
4.22 0.50192571 0.37850819 -0.1135877 -0.095581276
4.23 0.50079103 0.37755325 -0.11334792 -0.095406723
4.24 0.49965875 0.37660005 -0.11310862 -0.095232445
4.25 0.49852886 0.3756486 -0.1128698 -0.095058446
4.26 0.49740135 0.37469889 -0.11263148 -0.094884729
4.27 0.49627623 0.37375091 -0.11239364 -0.094711297
4.28 0.49515348 0.37280466 -0.11215629 -0.094538153
4.29 0.4940331 0.37186014 -0.11191942 -0.0943653
4.3 0.49291509 0.37091735 -0.11168304 -0.094192741
4.31 0.49179944 0.36997629 -0.11144715 -0.094020478
4.32 0.49068615 0.36903694 -0.11121174 -0.093848515
4.33 0.48957521 0.36809932 -0.11097683 -0.093676853
4.34 0.48846661 0.36716341 -0.1107424 -0.093505496
4.35 0.48736036 0.36622921 -0.11050845 -0.093334445
4.36 0.48625644 0.36529672 -0.110275 -0.093163704
4.37 0.48515486 0.36436593 -0.11004203 -0.092993275
4.38 0.4840556 0.36343685 -0.10980954 -0.092823159
4.39 0.48295867 0.36250947 -0.10957755 -0.092653359
4.4 0.48186405 0.36158379 -0.10934604 -0.092483878
4.41 0.48077175 0.36065979 -0.10911501 -0.092314716
4.42 0.47968175 0.35973749 -0.10888448 -0.092145877
4.43 0.47859406 0.35881688 -0.10865442 -0.091977362
4.44 0.47750866 0.35789794 -0.10842486 -0.091809173
4.45 0.47642556 0.35698069 -0.10819578 -0.091641312
4.46 0.47534475 0.35606512 -0.10796718 -0.091473781
4.47 0.47426622 0.35515122 -0.10773907 -0.09130658
4.48 0.47318997 0.35423899 -0.10751145 -0.091139713
4.49 0.47211599 0.35332842 -0.10728431 -0.09097318
4.5 0.47104428 0.35241952 -0.10705765 -0.090806984
4.51 0.46997484 0.35151228 -0.10683147 -0.090641125
4.52 0.46890765 0.3506067 -0.10660578 -0.090475605
4.53 0.46784272 0.34970277 -0.10638058 -0.090310426
4.54 0.46678004 0.34880049 -0.10615585 -0.090145588
4.55 0.4657196 0.34789986 -0.10593161 -0.089981094
4.56 0.46466141 0.34700087 -0.10570785 -0.089816944
4.57 0.46360545 0.34610352 -0.10548457 -0.089653139
4.58 0.46255172 0.34520781 -0.10526177 -0.089489681
4.59 0.46150021 0.34431373 -0.10503946 -0.089326572
4.6 0.46045093 0.34342128 -0.10481762 -0.089163811
4.61 0.45940386 0.34253045 -0.10459626 -0.089001401
4.62 0.458359 0.34164125 -0.10437538 -0.088839341
4.63 0.45731635 0.34075366 -0.10415498 -0.088677634
4.64 0.4562759 0.33986769 -0.10393506 -0.08851628
4.65 0.45523765 0.33898334 -0.10371562 -0.088355279
4.66 0.45420159 0.33810059 -0.10349665 -0.088194634
4.67 0.45316772 0.33721945 -0.10327816 -0.088034344
4.68 0.45213603 0.3363399 -0.10306015 -0.08787441
4.69 0.45110651 0.33546196 -0.10284261 -0.087714834
4.7 0.45007917 0.33458561 -0.10262554 -0.087555616
4.71 0.449054 0.33371084 -0.10240896 -0.087396756
4.72 0.44803099 0.33283767 -0.10219284 -0.087238256
4.73 0.44701015 0.33196608 -0.1019772 -0.087080115
4.74 0.44599145 0.33109607 -0.10176203 -0.086922335
4.75 0.4449749 0.33022763 -0.10154733 -0.086764917
4.76 0.4439605 0.32936077 -0.10133311 -0.08660786
4.77 0.44294824 0.32849548 -0.10111936 -0.086451165
4.78 0.44193812 0.32763175 -0.10090607 -0.086294833
4.79 0.44093012 0.32676958 -0.10069326 -0.086138865
4.8 0.43992425 0.32590897 -0.10048091 -0.08598326
4.81 0.4389205 0.32504991 -0.10026904 -0.085828019
4.82 0.43791887 0.32419241 -0.10005763 -0.085673142
4.83 0.43691935 0.32333645 -0.09984669 -0.085518631
4.84 0.43592194 0.32248204 -0.099636215 -0.085364485
4.85 0.43492663 0.32162916 -0.099426207 -0.085210704
4.86 0.43393341 0.32077782 -0.099216664 -0.085057289
4.87 0.43294229 0.31992802 -0.099007585 -0.084904241
4.88 0.43195326 0.31907974 -0.098798971 -0.084751558
4.89 0.43096631 0.31823298 -0.098590819 -0.084599243
4.9 0.42998144 0.31738775 -0.09838313 -0.084447294
4.91 0.42899865 0.31654404 -0.098175903 -0.084295713
4.92 0.42801793 0.31570184 -0.097969137 -0.084144499
4.93 0.42703927 0.31486115 -0.097762832 -0.083993652
4.94 0.42606267 0.31402197 -0.097556986 -0.083843173
4.95 0.42508813 0.31318429 -0.0973516 -0.083693062
4.96 0.42411564 0.3123481 -0.097146672 -0.083543318
4.97 0.42314519 0.31151342 -0.096942201 -0.083393943
4.98 0.42217679 0.31068023 -0.096738188 -0.083244936
4.99 0.42121043 0.30984852 -0.09653463 -0.083096297
5 0.4202461 0.3090183 -0.096331529 -0.082948026
5.01 0.4192838 0.30818956 -0.096128881 -0.082800123
5.02 0.41832352 0.3073623 -0.095926688 -0.082652588
5.03 0.41736527 0.30653651 -0.095724948 -0.082505422
5.04 0.41640902 0.30571219 -0.095523661 -0.082358624
5.05 0.41545479 0.30488934 -0.095322826 -0.082212194
5.06 0.41450257 0.30406794 -0.095122441 -0.082066133
5.07 0.41355234 0.30324801 -0.094922507 -0.081920439
5.08 0.41260412 0.30242954 -0.094723023 -0.081775114
5.09 0.41165788 0.30161251 -0.094523987 -0.081630156
5.1 0.41071364 0.30079693 -0.0943254 -0.081485567
5.11 0.40977138 0.2999828 -0.094127259 -0.081341345
5.12 0.40883109 0.29917011 -0.093929566 -0.081197491
5.13 0.40789278 0.29835885 -0.093732318 -0.081054005
5.14 0.40695645 0.29754903 -0.093535515 -0.080910886
5.15 0.40602207 0.29674063 -0.093339156 -0.080768135
5.16 0.40508966 0.29593366 -0.093143241 -0.08062575
5.17 0.40415921 0.29512812 -0.092947769 -0.080483733
5.18 0.40323071 0.29432399 -0.092752738 -0.080342082
5.19 0.40230415 0.29352127 -0.092558149 -0.080200799
5.2 0.40137955 0.29271997 -0.092364 -0.080059881
5.21 0.40045687 0.29192008 -0.092170291 -0.07991933
5.22 0.39953614 0.29112159 -0.09197702 -0.079779145
5.23 0.39861733 0.29032449 -0.091784188 -0.079639326
5.24 0.39770046 0.2895288 -0.091591793 -0.079499872
5.25 0.3967855 0.2887345 -0.091399835 -0.079360784
5.26 0.39587246 0.28794158 -0.091208312 -0.079222061
5.27 0.39496133 0.28715006 -0.091017224 -0.079083703
5.28 0.39405211 0.28635991 -0.09082657 -0.078945709
5.29 0.3931448 0.28557114 -0.09063635 -0.07880808
5.3 0.39223939 0.28478375 -0.090446562 -0.078670815
5.31 0.39133587 0.28399773 -0.090257207 -0.078533914
5.32 0.39043424 0.28321307 -0.090068282 -0.078397376
5.33 0.3895345 0.28242978 -0.089879787 -0.078261201
5.34 0.38863665 0.28164785 -0.089691722 -0.07812539
5.35 0.38774067 0.28086727 -0.089504086 -0.077989941
5.36 0.38684657 0.28008805 -0.089316877 -0.077854854
5.37 0.38595433 0.27931017 -0.089130096 -0.077720129
5.38 0.38506396 0.27853364 -0.08894374 -0.077585766
5.39 0.38417546 0.27775846 -0.088757811 -0.077451765
5.4 0.38328881 0.27698461 -0.088572306 -0.077318124
5.41 0.38240401 0.27621209 -0.088387224 -0.077184844
5.42 0.38152106 0.27544091 -0.088202566 -0.077051925
5.43 0.38063996 0.27467106 -0.088018331 -0.076919365
5.44 0.3797607 0.27390252 -0.087834517 -0.076787165
5.45 0.37888327 0.27313531 -0.087651123 -0.076655325
5.46 0.37800767 0.27236942 -0.08746815 -0.076523843
5.47 0.37713391 0.27160484 -0.087285595 -0.07639272
5.48 0.37626196 0.27084156 -0.08710346 -0.076261954
5.49 0.37539184 0.2700796 -0.086921741 -0.076131547
5.5 0.37452353 0.26931893 -0.08674044 -0.076001497
5.51 0.37365703 0.26855957 -0.086559554 -0.075871805
5.52 0.37279234 0.2678015 -0.086379084 -0.075742468
5.53 0.37192945 0.26704472 -0.086199028 -0.075613488
5.54 0.37106836 0.26628923 -0.086019385 -0.075484864
5.55 0.37020906 0.26553502 -0.085840156 -0.075356596
5.56 0.36935155 0.2647821 -0.085661338 -0.075228682
5.57 0.36849583 0.26403045 -0.085482932 -0.075101123
5.58 0.36764189 0.26328007 -0.085304936 -0.074973919
5.59 0.36678973 0.26253097 -0.08512735 -0.074847068
5.6 0.36593935 0.26178313 -0.084950172 -0.074720571
5.61 0.36509073 0.26103656 -0.084773403 -0.074594426
5.62 0.36424388 0.26029124 -0.084597041 -0.074468634
5.63 0.36339879 0.25954718 -0.084421086 -0.074343195
5.64 0.36255546 0.25880438 -0.084245536 -0.074218107
5.65 0.36171388 0.25806282 -0.084070391 -0.074093371
5.66 0.36087405 0.25732251 -0.08389565 -0.073968985
5.67 0.36003597 0.25658344 -0.083721313 -0.07384495
5.68 0.35919962 0.25584561 -0.083547378 -0.073721265
5.69 0.35836502 0.25510902 -0.083373845 -0.073597929
5.7 0.35753215 0.25437365 -0.083200713 -0.073474943
5.71 0.356701 0.25363952 -0.083027981 -0.073352305
5.72 0.35587159 0.25290661 -0.082855649 -0.073230016
5.73 0.35504389 0.25217492 -0.082683715 -0.073108074
5.74 0.35421791 0.25144445 -0.082512179 -0.07298648
5.75 0.35339365 0.25071519 -0.08234104 -0.072865233
5.76 0.35257109 0.24998714 -0.082170298 -0.072744333
5.77 0.35175024 0.2492603 -0.081999951 -0.072623778
5.78 0.35093109 0.24853467 -0.081829999 -0.072503569
5.79 0.35011364 0.24781023 -0.08166044 -0.072383705
5.8 0.34929788 0.24708699 -0.081491275 -0.072264186
5.81 0.34848382 0.24636495 -0.081322503 -0.072145011
5.82 0.34767143 0.24564409 -0.081154122 -0.07202618
5.83 0.34686073 0.24492442 -0.080986132 -0.071907693
5.84 0.34605171 0.24420594 -0.080818532 -0.071789548
5.85 0.34524436 0.24348863 -0.080651321 -0.071671745
5.86 0.34443868 0.2427725 -0.080484499 -0.071554285
5.87 0.34363467 0.24205755 -0.080318065 -0.071437166
5.88 0.34283232 0.24134376 -0.080152018 -0.071320388
5.89 0.34203163 0.24063114 -0.079986357 -0.071203951
5.9 0.3412326 0.23991968 -0.079821081 -0.071087854
5.91 0.34043521 0.23920938 -0.079656191 -0.070972097
5.92 0.33963947 0.23850024 -0.079491684 -0.070856678
5.93 0.33884538 0.23779225 -0.07932756 -0.070741599
5.94 0.33805292 0.23708541 -0.079163819 -0.070626858
5.95 0.3372621 0.23637971 -0.07900046 -0.070512454
5.96 0.33647291 0.23567516 -0.078837481 -0.070398388
5.97 0.33568535 0.23497174 -0.078674883 -0.070284659
5.98 0.33489941 0.23426946 -0.078512664 -0.070171267
5.99 0.3341151 0.23356832 -0.078350824 -0.07005821
6 0.3333324 0.2328683 -0.078189362 -0.069945489
6.01 0.33255131 0.23216941 -0.078028276 -0.069833102
6.02 0.33177183 0.23147164 -0.077867568 -0.069721051
6.03 0.33099396 0.23077499 -0.077707235 -0.069609333
6.04 0.33021769 0.23007945 -0.077547276 -0.069497949
6.05 0.32944301 0.22938503 -0.077387692 -0.069386899
6.06 0.32866993 0.22869171 -0.077228482 -0.069276181
6.07 0.32789844 0.2279995 -0.077069644 -0.069165795
6.08 0.32712854 0.2273084 -0.076911177 -0.069055741
6.09 0.32636022 0.22661839 -0.076753082 -0.068946018
6.1 0.32559348 0.22592948 -0.076595358 -0.068836626
6.11 0.32482831 0.22524166 -0.076438003 -0.068727565
6.12 0.32406472 0.22455493 -0.076281017 -0.068618833
6.13 0.32330269 0.22386928 -0.0761244 -0.068510431
6.14 0.32254223 0.22318472 -0.075968149 -0.068402358
6.15 0.32178333 0.22250123 -0.075812266 -0.068294613
6.16 0.32102599 0.22181883 -0.075656748 -0.068187196
6.17 0.3202702 0.22113749 -0.075501596 -0.068080107
6.18 0.31951595 0.22045722 -0.075346809 -0.067973345
6.19 0.31876326 0.21977802 -0.075192385 -0.06786691
6.2 0.31801211 0.21909988 -0.075038324 -0.067760801
6.21 0.31726249 0.21842281 -0.074884626 -0.067655018
6.22 0.31651441 0.21774678 -0.074731289 -0.06754956
6.23 0.31576787 0.21707182 -0.074578313 -0.067444426
6.24 0.31502285 0.2163979 -0.074425697 -0.067339618
6.25 0.31427935 0.21572502 -0.074273441 -0.067235132
6.26 0.31353738 0.21505319 -0.074121543 -0.067130971
6.27 0.31279692 0.2143824 -0.073970004 -0.067027132
6.28 0.31205798 0.21371265 -0.073818822 -0.066923616
6.29 0.31132055 0.21304393 -0.073667996 -0.066820422
6.3 0.31058462 0.21237624 -0.073517527 -0.06671755
6.31 0.3098502 0.21170958 -0.073367412 -0.066614998
6.32 0.30911727 0.21104394 -0.073217652 -0.066512768
6.33 0.30838584 0.21037932 -0.073068245 -0.066410857
6.34 0.30765591 0.20971573 -0.072919192 -0.066309266
6.35 0.30692746 0.20905314 -0.072770491 -0.066207995
6.36 0.3062005 0.20839157 -0.072622142 -0.066107042
6.37 0.30547502 0.207731 -0.072474143 -0.066006408
6.38 0.30475101 0.20707144 -0.072326495 -0.065906092
6.39 0.30402849 0.20641288 -0.072179196 -0.065806094
6.4 0.30330743 0.20575532 -0.072032246 -0.065706412
6.41 0.30258784 0.20509875 -0.071885644 -0.065607047
6.42 0.30186972 0.20444317 -0.071739389 -0.065507998
6.43 0.30115305 0.20378859 -0.071593481 -0.065409265
6.44 0.30043785 0.20313499 -0.07144792 -0.065310847
6.45 0.29972409 0.20248237 -0.071302703 -0.065212744
6.46 0.29901179 0.20183073 -0.071157831 -0.065114955
6.47 0.29830094 0.20118007 -0.071013303 -0.06501748
6.48 0.29759153 0.20053038 -0.070869119 -0.064920319
6.49 0.29688356 0.19988167 -0.070725276 -0.064823471
6.5 0.29617702 0.19923392 -0.070581776 -0.064726935
6.51 0.29547192 0.19858713 -0.070438617 -0.064630711
6.52 0.29476825 0.1979413 -0.070295798 -0.0645348
6.53 0.294066 0.19729643 -0.07015332 -0.064439199
6.54 0.29336518 0.19665252 -0.07001118 -0.064343909
6.55 0.29266578 0.19600955 -0.069869379 -0.06424893
6.56 0.29196779 0.19536754 -0.069727915 -0.06415426
6.57 0.29127122 0.19472647 -0.069586789 -0.0640599
6.58 0.29057606 0.19408634 -0.069445999 -0.06396585
6.59 0.2898823 0.19344715 -0.069305545 -0.063872107
6.6 0.28918995 0.1928089 -0.069165426 -0.063778673
6.61 0.28849899 0.19217158 -0.069025641 -0.063685547
6.62 0.28780944 0.19153519 -0.06888619 -0.063592729
6.63 0.28712127 0.19089972 -0.068747072 -0.063500217
6.64 0.28643449 0.19026518 -0.068608287 -0.063408011
6.65 0.2857491 0.18963156 -0.068469833 -0.063316112
6.66 0.2850651 0.18899886 -0.068331711 -0.063224518
6.67 0.28438247 0.18836707 -0.068193919 -0.06313323
6.68 0.28370122 0.1877362 -0.068056456 -0.063042246
6.69 0.28302134 0.18710623 -0.067919323 -0.062951567
6.7 0.28234283 0.18647716 -0.067782518 -0.062861192
6.71 0.28166569 0.185849 -0.067646041 -0.06277112
6.72 0.28098991 0.18522174 -0.067509891 -0.062681351
6.73 0.28031549 0.18459538 -0.067374068 -0.062591885
6.74 0.27964243 0.1839699 -0.06723857 -0.062502721
6.75 0.27897072 0.18334532 -0.067103397 -0.06241386
6.76 0.27830036 0.18272163 -0.066968549 -0.062325299
6.77 0.27763135 0.18209882 -0.066834025 -0.06223704
6.78 0.27696368 0.18147689 -0.066699825 -0.062149081
6.79 0.27629735 0.18085583 -0.066565946 -0.062061422
6.8 0.27563236 0.18023566 -0.06643239 -0.061974064
6.81 0.27496871 0.17961635 -0.066299155 -0.061887004
6.82 0.27430638 0.17899792 -0.066166241 -0.061800244
6.83 0.27364538 0.17838035 -0.066033647 -0.061713782
6.84 0.27298571 0.17776364 -0.065901372 -0.061627618
6.85 0.27232735 0.1771478 -0.065769416 -0.061541752
6.86 0.27167032 0.17653281 -0.065637778 -0.061456184
6.87 0.2710146 0.17591867 -0.065506457 -0.061370912
6.88 0.27036019 0.17530539 -0.065375453 -0.061285937
6.89 0.26970709 0.17469295 -0.065244766 -0.061201258
6.9 0.26905529 0.17408136 -0.065114394 -0.061116875
6.91 0.2684048 0.17347062 -0.064984337 -0.061032787
6.92 0.26775561 0.17286071 -0.064854595 -0.060948994
6.93 0.26710771 0.17225164 -0.064725166 -0.060865496
6.94 0.2664611 0.1716434 -0.06459605 -0.060782291
6.95 0.26581579 0.17103599 -0.064467247 -0.060699381
6.96 0.26517176 0.17042941 -0.064338756 -0.060616764
6.97 0.26452901 0.16982366 -0.064210576 -0.06053444
6.98 0.26388755 0.16921872 -0.064082706 -0.060452408
6.99 0.26324736 0.16861461 -0.063955147 -0.060370669
7 0.26260844 0.16801131 -0.063827896 -0.060289222
