0 1 0 0 0.052538722
0.01 1.000049 0.00052538722 0.002468904 0.04811668
0.02 1.0000494 0.00096233142 -0.0042234038 0.040928017
0.03 0.99996454 0.0013439501 -0.013184055 0.036225483
0.04 0.9997857 0.0016868432 -0.022742258 0.032809511
0.05 0.99950969 0.002000142 -0.032527236 0.030134292
0.06 0.99913515 0.0022895304 -0.042411357 0.027936127
0.07 0.99866147 0.0025588656 -0.052337185 0.026069949
0.08 0.99808841 0.0028109303 -0.062273611 0.024447868
0.09 0.997416 0.0030478238 -0.072201223 0.023012734
0.1 0.99664439 0.0032711856 -0.082106478 0.021725347
0.11 0.99577387 0.0034823313 -0.091979052 0.020557671
0.12 0.99480481 0.0036823396 -0.10181052 0.019488981
0.13 0.99373766 0.0038721115 -0.11159367 0.018503529
0.14 0.99257294 0.0040524107 -0.12132208 0.017589077
0.15 0.99131122 0.0042238934 -0.13098986 0.01673593
0.16 0.98995315 0.0043871297 -0.14059159 0.015936282
0.17 0.9884994 0.0045426195 -0.15012211 0.015183758
0.18 0.98695071 0.0046908052 -0.15957655 0.014473086
0.19 0.98530787 0.0048320815 -0.16895026 0.01379986
0.2 0.9835717 0.0049668027 -0.17823876 0.01316036
0.21 0.98174309 0.005095289 -0.18743775 0.01255142
0.22 0.97982295 0.0052178314 -0.1965431 0.011970323
0.23 0.97781223 0.0053346958 -0.20555081 0.011414722
0.24 0.97571194 0.0054461261 -0.21445706 0.010882575
0.25 0.97352309 0.0055523475 -0.22325813 0.010372097
0.26 0.97124678 0.0056535683 -0.23195046 0.0098817175
0.27 0.96888409 0.005749982 -0.24053064 0.0094100486
0.28 0.96643617 0.0058417694 -0.24899537 0.008955858
0.29 0.96390418 0.0059290994 -0.25734151 0.0085180471
0.3 0.96128934 0.0060121306 -0.26556605 0.0080956322
0.31 0.95859286 0.0060910122 -0.27366611 0.0076877289
0.32 0.95581602 0.0061658853 -0.28163895 0.00729354
0.33 0.95296008 0.0062368832 -0.28948198 0.0069123437
0.34 0.95002638 0.0063041323 -0.29719273 0.0065434848
0.35 0.94701623 0.006367753 -0.30476888 0.0061863666
0.36 0.943931 0.0064278598 -0.31220824 0.0058404439
0.37 0.94077207 0.006484562 -0.31950876 0.0055052175
0.38 0.93754083 0.0065379642 -0.32666854 0.0051802285
0.39 0.9342387 0.0065881667 -0.33368578 0.0048650544
0.4 0.93086711 0.0066352654 -0.34055886 0.0045593052
0.41 0.92742752 0.0066793529 -0.34728628 0.0042626196
0.42 0.92392139 0.0067205179 -0.35386666 0.0039746623
0.43 0.92035019 0.0067588462 -0.36029876 0.0036951214
0.44 0.91671542 0.0067944205 -0.3665815 0.0034237061
0.45 0.91301856 0.0068273204 -0.37271389 0.0031601444
0.46 0.90926114 0.0068576234 -0.37869508 0.0029041817
0.47 0.90544466 0.0068854042 -0.38452438 0.0026555788
0.48 0.90157065 0.0069107351 -0.39020118 0.0024141105
0.49 0.89764064 0.0069336864 -0.39572502 0.0021795646
0.5 0.89365615 0.0069543264 -0.40109556 0.0019517405
0.51 0.88961873 0.0069727213 -0.40631256 0.0017304482
0.52 0.8855299 0.0069889355 -0.41137594 0.0015155073
0.53 0.88139121 0.0070030315 -0.41628568 0.0013067465
0.54 0.87720419 0.0070150704 -0.42104191 0.0011040025
0.55 0.87297037 0.0070251116 -0.42564486 0.00090711916
0.56 0.86869129 0.0070332129 -0.43009487 0.00071594759
0.57 0.86436848 0.0070394306 -0.43439236 0.0005303449
0.58 0.86000345 0.0070438198 -0.43853788 0.00035017405
0.59 0.85559772 0.0070464341 -0.44253206 0.00017530329
0.6 0.85115281 0.0070473259 -0.44637564 5.6057715e-06
0.61 0.84667021 0.0070465463 -0.45006943 -0.0001590408
0.62 0.84215142 0.0070441451 -0.45361436 -0.00031875454
0.63 0.83759792 0.0070401712 -0.45701141 -0.00047364966
0.64 0.83301119 0.0070346722 -0.46026165 -0.00062383678
0.65 0.82839269 0.0070276945 -0.46336626 -0.00076942313
0.66 0.82374386 0.0070192837 -0.46632646 -0.00091051282
0.67 0.81906616 0.0070094843 -0.46914355 -0.001047207
0.68 0.81436099 0.0069983396 -0.47181891 -0.0011796042
0.69 0.80962978 0.0069858922 -0.47435397 -0.0013078003
0.7 0.80487391 0.0069721836 -0.47675024 -0.0014318886
0.71 0.80009478 0.0069572544 -0.47900927 -0.0015519605
0.72 0.79529373 0.0069411444 -0.48113269 -0.001668105
0.73 0.79047212 0.0069238924 -0.48312217 -0.001780409
0.74 0.78563129 0.0069055363 -0.48497941 -0.0018889578
0.75 0.78077253 0.0068861132 -0.48670619 -0.0019938346
0.76 0.77589716 0.0068656596 -0.48830431 -0.002095121
0.77 0.77100645 0.0068442108 -0.48977563 -0.0021928969
0.78 0.76610165 0.0068218016 -0.49112203 -0.0022872407
0.79 0.76118401 0.006798466 -0.49234544 -0.002378229
0.8 0.75625474 0.0067742371 -0.4934478 -0.0024659374
0.81 0.75131505 0.0067491473 -0.49443109 -0.0025504398
0.82 0.74636612 0.0067232283 -0.49529734 -0.0026318087
0.83 0.7414091 0.0066965111 -0.49604856 -0.0027101155
0.84 0.73644515 0.006669026 -0.4966868 -0.0027854302
0.85 0.73147537 0.0066408025 -0.49721415 -0.0028578215
0.86 0.72650087 0.0066118695 -0.49763268 -0.0029273572
0.87 0.72152272 0.0065822553 -0.49794449 -0.0029941037
0.88 0.71654198 0.0065519875 -0.4981517 -0.0030581262
0.89 0.71155968 0.0065210928 -0.49825643 -0.0031194889
0.9 0.70657685 0.0064895977 -0.49826079 -0.0031782551
0.91 0.70159447 0.0064575277 -0.49816692 -0.0032344866
0.92 0.69661351 0.006424908 -0.49797695 -0.0032882445
0.93 0.69163493 0.0063917628 -0.49769301 -0.0033395887
0.94 0.68665965 0.0063581162 -0.49731723 -0.0033885782
0.95 0.68168858 0.0063239913 -0.49685174 -0.003435271
0.96 0.67672261 0.0062894108 -0.49629867 -0.003479724
0.97 0.67176261 0.0062543968 -0.49566012 -0.0035219932
0.98 0.66680941 0.0062189709 -0.49493821 -0.0035621336
0.99 0.66186384 0.0061831541 -0.49413503 -0.0036001994
1 0.65692671 0.0061469669 -0.49325266 -0.0036362436
1.01 0.65199879 0.0061104292 -0.49229317 -0.0036703186
1.02 0.64708085 0.0060735605 -0.49125863 -0.0037024757
1.03 0.64217362 0.0060363797 -0.49015108 -0.0037327652
1.04 0.63727783 0.0059989052 -0.48897254 -0.0037612367
1.05 0.63239417 0.005961155 -0.48772503 -0.0037879388
1.06 0.62752332 0.0059231464 -0.48641052 -0.0038129193
1.07 0.62266596 0.0058848966 -0.48503098 -0.003836225
1.08 0.61782271 0.0058464219 -0.48358838 -0.003857902
1.09 0.61299419 0.0058077385 -0.48208463 -0.0038779954
1.1 0.60818101 0.005768862 -0.48052163 -0.0038965496
1.11 0.60338376 0.0057298076 -0.47890128 -0.0039136081
1.12 0.59860299 0.0056905899 -0.47722541 -0.0039292135
1.13 0.59383925 0.0056512233 -0.47549588 -0.0039434076
1.14 0.58909307 0.0056117217 -0.47371448 -0.0039562315
1.15 0.58436496 0.0055720986 -0.471883 -0.0039677254
1.16 0.57965541 0.0055323672 -0.47000319 -0.0039779287
1.17 0.5749649 0.0054925401 -0.46807679 -0.0039868801
1.18 0.57029387 0.0054526296 -0.46610548 -0.0039946174
1.19 0.56564279 0.0054126477 -0.46409096 -0.0040011778
1.2 0.56101206 0.005372606 -0.46203486 -0.0040065975
1.21 0.55640209 0.0053325158 -0.45993881 -0.0040109121
1.22 0.55181328 0.0052923878 -0.45780439 -0.0040141565
1.23 0.547246 0.0052522326 -0.45563317 -0.0040163648
1.24 0.54270062 0.0052120605 -0.45342668 -0.0040175703
1.25 0.53817747 0.0051718812 -0.45118644 -0.0040178057
1.26 0.53367689 0.0051317044 -0.44891391 -0.0040171029
1.27 0.52919919 0.0050915392 -0.44661055 -0.0040154931
1.28 0.52474468 0.0050513945 -0.44427777 -0.004013007
1.29 0.52031364 0.005011279 -0.44191697 -0.0040096744
1.3 0.51590634 0.004971201 -0.43952951 -0.0040055245
1.31 0.51152305 0.0049311685 -0.43711673 -0.0040005859
1.32 0.507164 0.0048911893 -0.43467993 -0.0039948863
1.33 0.50282945 0.0048512708 -0.43222039 -0.0039884531
1.34 0.4985196 0.0048114202 -0.42973935 -0.0039813129
1.35 0.49423466 0.0047716445 -0.42723805 -0.0039734916
1.36 0.48997484 0.0047319504 -0.42471767 -0.0039650147
1.37 0.48574031 0.0046923443 -0.42217939 -0.0039559068
1.38 0.48153125 0.0046528323 -0.41962433 -0.0039461922
1.39 0.47734782 0.0046134204 -0.41705361 -0.0039358944
1.4 0.47319018 0.0045741144 -0.41446833 -0.0039250364
1.41 0.46905845 0.0045349197 -0.41186952 -0.0039136408
1.42 0.46495279 0.0044958416 -0.40925824 -0.0039017293
1.43 0.46087329 0.0044568851 -0.40663548 -0.0038893232
1.44 0.45682008 0.0044180551 -0.40400222 -0.0038764435
1.45 0.45279325 0.0043793562 -0.40135943 -0.0038631104
1.46 0.44879289 0.0043407929 -0.39870802 -0.0038493435
1.47 0.44481909 0.0043023694 -0.39604891 -0.0038351622
1.48 0.44087191 0.0042640896 -0.39338297 -0.0038205852
1.49 0.43695143 0.0042259576 -0.39071107 -0.0038056308
1.5 0.43305769 0.004187977 -0.38803403 -0.0037903166
1.51 0.42919075 0.0041501513 -0.38535267 -0.0037746601
1.52 0.42535064 0.0041124838 -0.38266777 -0.003758678
1.53 0.42153739 0.0040749778 -0.3799801 -0.0037423868
1.54 0.41775104 0.0040376361 -0.3772904 -0.0037258023
1.55 0.41399158 0.0040004617 -0.37459938 -0.0037089401
1.56 0.41025905 0.0039634573 -0.37190775 -0.0036918152
1.57 0.40655343 0.0039266254 -0.36921619 -0.0036744424
1.58 0.40287472 0.0038899685 -0.36652534 -0.0036568358
1.59 0.39922292 0.0038534887 -0.36383586 -0.0036390093
1.6 0.39559801 0.0038171883 -0.36114835 -0.0036209763
1.61 0.39199996 0.0037810692 -0.35846341 -0.00360275
1.62 0.38842874 0.0037451333 -0.35578162 -0.0035843431
1.63 0.38488432 0.0037093823 -0.35310353 -0.0035657678
1.64 0.38136667 0.0036738179 -0.3504297 -0.0035470362
1.65 0.37787573 0.0036384416 -0.34776063 -0.0035281598
1.66 0.37441146 0.0036032547 -0.34509684 -0.00350915
1.67 0.37097379 0.0035682586 -0.34243881 -0.0034900177
1.68 0.36756268 0.0035334544 -0.33978701 -0.0034707735
1.69 0.36417806 0.0034988431 -0.3371419 -0.0034514277
1.7 0.36081984 0.0034644258 -0.33450391 -0.0034319903
1.71 0.35748798 0.0034302033 -0.33187347 -0.003412471
1.72 0.35418238 0.0033961764 -0.32925098 -0.0033928792
1.73 0.35090296 0.0033623457 -0.32663683 -0.003373224
1.74 0.34764964 0.0033287119 -0.32403139 -0.0033535142
1.75 0.34442233 0.0032952755 -0.32143504 -0.0033337583
1.76 0.34122094 0.0032620368 -0.31884811 -0.0033139646
1.77 0.33804537 0.0032289962 -0.31627095 -0.003294141
1.78 0.33489552 0.0031961539 -0.31370386 -0.0032742955
1.79 0.33177129 0.0031635103 -0.31114716 -0.0032544354
1.8 0.32867258 0.0031310652 -0.30860114 -0.0032345679
1.81 0.32559927 0.0030988189 -0.30606609 -0.0032147002
1.82 0.32255126 0.0030667712 -0.30354227 -0.003194839
1.83 0.31952843 0.0030349221 -0.30102994 -0.0031749909
1.84 0.31653066 0.0030032714 -0.29852935 -0.0031551622
1.85 0.31355784 0.0029718189 -0.29604073 -0.003135359
1.86 0.31060984 0.0029405642 -0.29356431 -0.0031155873
1.87 0.30768655 0.0029095071 -0.2911003 -0.0030958527
1.88 0.30478784 0.0028786472 -0.2886489 -0.0030761609
1.89 0.30191358 0.0028479839 -0.2862103 -0.0030565171
1.9 0.29906363 0.0028175169 -0.2837847 -0.0030369264
1.91 0.29623788 0.0027872454 -0.28137225 -0.0030173939
1.92 0.29343619 0.002757169 -0.27897313 -0.0029979243
1.93 0.29065842 0.0027272869 -0.2765875 -0.0029785222
1.94 0.28790444 0.0026975985 -0.27421548 -0.0029591921
1.95 0.28517411 0.0026681031 -0.27185724 -0.0029399383
1.96 0.28246729 0.0026387998 -0.26951288 -0.0029207649
1.97 0.27978385 0.0026096878 -0.26718255 -0.0029016758
1.98 0.27712364 0.0025807663 -0.26486634 -0.0028826749
1.99 0.27448653 0.0025520343 -0.26256436 -0.0028637658
2 0.27187236 0.002523491 -0.26027672 -0.0028449522
2.01 0.26928099 0.0024951353 -0.25800351 -0.0028262373
2.02 0.26671229 0.0024669662 -0.2557448 -0.0028076246
2.03 0.2641661 0.0024389828 -0.25350068 -0.0027891171
2.04 0.26164227 0.0024111839 -0.25127122 -0.0027707178
2.05 0.25914067 0.0023835684 -0.24905648 -0.0027524296
2.06 0.25666115 0.0023561353 -0.24685653 -0.0027342554
2.07 0.25420354 0.0023288833 -0.2446714 -0.0027161977
2.08 0.25176772 0.0023018113 -0.24250117 -0.0026982592
2.09 0.24935352 0.0022749181 -0.24034585 -0.0026804422
2.1 0.2469608 0.0022482025 -0.23820549 -0.0026627493
2.11 0.24458941 0.0022216632 -0.23608013 -0.0026451824
2.12 0.2422392 0.0021952988 -0.23396978 -0.002627744
2.13 0.23991002 0.0021691083 -0.23187447 -0.0026104358
2.14 0.23760171 0.0021430901 -0.22979421 -0.0025932601
2.15 0.23531413 0.0021172431 -0.22772902 -0.0025762185
2.16 0.23304713 0.0020915658 -0.2256789 -0.002559313
2.17 0.23080055 0.0020660568 -0.22364386 -0.0025425452
2.18 0.22857425 0.0020407149 -0.2216239 -0.0025259167
2.19 0.22636808 0.0020155385 -0.21961901 -0.0025094291
2.2 0.22418187 0.0019905263 -0.21762918 -0.0024930839
2.21 0.22201549 0.0019656768 -0.21565439 -0.0024768824
2.22 0.21986879 0.0019409886 -0.21369465 -0.0024608261
2.23 0.2177416 0.0019164603 -0.21174992 -0.0024449161
2.24 0.21563379 0.0018920903 -0.20982018 -0.0024291537
2.25 0.2135452 0.0018678772 -0.2079054 -0.0024135399
2.26 0.21147568 0.0018438195 -0.20600557 -0.002398076
2.27 0.20942509 0.0018199157 -0.20412064 -0.0023827628
2.28 0.20739327 0.0017961643 -0.20225058 -0.0023676014
2.29 0.20538008 0.0017725637 -0.20039536 -0.0023525927
2.3 0.20338536 0.0017491124 -0.19855493 -0.0023377374
2.31 0.20140898 0.0017258089 -0.19672926 -0.0023230365
2.32 0.19945078 0.0017026517 -0.19491829 -0.0023084906
2.33 0.19751061 0.0016796391 -0.19312198 -0.0022941005
2.34 0.19558834 0.0016567697 -0.19134029 -0.0022798669
2.35 0.19368381 0.0016340418 -0.18957315 -0.0022657903
2.36 0.19179688 0.0016114539 -0.18782053 -0.0022518714
2.37 0.1899274 0.0015890044 -0.18608235 -0.0022381106
2.38 0.18807523 0.0015666917 -0.18435857 -0.0022245084
2.39 0.18624023 0.0015445142 -0.18264912 -0.0022110654
2.4 0.18442225 0.0015224704 -0.18095395 -0.002197782
2.41 0.18262115 0.0015005586 -0.179273 -0.0021846585
2.42 0.18083679 0.0014787772 -0.17760619 -0.0021716953
2.43 0.17906902 0.0014571247 -0.17595346 -0.0021588927
2.44 0.17731772 0.0014355994 -0.17431476 -0.0021462511
2.45 0.17558273 0.0014141996 -0.17269 -0.0021337706
2.46 0.17386392 0.0013929239 -0.17107912 -0.0021214516
2.47 0.17216115 0.0013717706 -0.16948206 -0.0021092942
2.48 0.17047428 0.0013507381 -0.16789873 -0.0020972986
2.49 0.16880317 0.0013298247 -0.16632907 -0.0020854651
2.5 0.1671477 0.0013090288 -0.164773 -0.0020737936
2.51 0.16550771 0.0012883488 -0.16323045 -0.0020622845
2.52 0.16388309 0.0012677831 -0.16170135 -0.0020509377
2.53 0.16227369 0.00124733 -0.16018561 -0.0020397534
2.54 0.16067938 0.001226988 -0.15868316 -0.0020287315
2.55 0.15910002 0.0012067554 -0.15719393 -0.0020178722
2.56 0.1575355 0.0011866306 -0.15571782 -0.0020071755
2.57 0.15598567 0.0011666119 -0.15425478 -0.0019966414
2.58 0.1544504 0.0011466977 -0.15280471 -0.0019862698
2.59 0.15292957 0.0011268865 -0.15136753 -0.0019760609
2.6 0.15142305 0.0011071765 -0.14994317 -0.0019660144
2.61 0.14993071 0.0010875662 -0.14853154 -0.0019561305
2.62 0.14845242 0.0010680539 -0.14713257 -0.001946409
2.63 0.14698806 0.001048638 -0.14574616 -0.0019368499
2.64 0.1455375 0.0010293169 -0.14437224 -0.0019274531
2.65 0.14410062 0.001010089 -0.14301073 -0.0019182185
2.66 0.14267728 0.00099095256 -0.14166154 -0.001909146
2.67 0.14126738 0.00097190606 -0.14032459 -0.0019002356
2.68 0.13987079 0.00095294785 -0.1389998 -0.0018914871
2.69 0.13848739 0.00093407632 -0.13768708 -0.0018829003
2.7 0.13711705 0.00091528985 -0.13638635 -0.0018744753
2.71 0.13575966 0.00089658681 -0.13509752 -0.0018662118
2.72 0.1344151 0.00087796561 -0.13382052 -0.0018581098
2.73 0.13308325 0.00085942462 -0.13255525 -0.0018501691
2.74 0.131764 0.00084096223 -0.13130164 -0.0018423895
2.75 0.13045722 0.00082257683 -0.13005959 -0.0018347709
2.76 0.12916281 0.00080426682 -0.12882904 -0.0018273132
2.77 0.12788064 0.00078603057 -0.12760988 -0.0018200162
2.78 0.12661061 0.00076786649 -0.12640204 -0.0018128799
2.79 0.1253526 0.00074977297 -0.12520544 -0.0018059039
2.8 0.1241065 0.00073174842 -0.12401999 -0.0017990883
2.81 0.1228722 0.00071379121 -0.1228456 -0.0017924327
2.82 0.12164959 0.00069589976 -0.1216822 -0.0017859372
2.83 0.12043856 0.00067807247 -0.1205297 -0.0017796015
2.84 0.11923899 0.00066030773 -0.11938802 -0.0017734255
2.85 0.1180508 0.00064260396 -0.11825707 -0.001767409
2.86 0.11687385 0.00062495955 -0.11713677 -0.001761552
2.87 0.11570806 0.00060737292 -0.11602705 -0.0017558542
2.88 0.11455331 0.00058984247 -0.11492781 -0.0017503156
2.89 0.1134095 0.00057236661 -0.11383897 -0.0017449359
2.9 0.11227653 0.00055494375 -0.11276046 -0.0017397151
2.91 0.1111543 0.00053757231 -0.11169219 -0.0017346531
2.92 0.11004269 0.00052025069 -0.11063409 -0.0017297496
2.93 0.10894161 0.00050297732 -0.10958606 -0.0017250047
2.94 0.10785097 0.0004857506 -0.10854804 -0.0017204181
2.95 0.10677065 0.00046856896 -0.10751993 -0.0017159898
2.96 0.10570057 0.0004514308 -0.10650167 -0.0017117197
2.97 0.10464062 0.00043433456 -0.10549317 -0.0017076077
2.98 0.10359071 0.00041727865 -0.10449435 -0.0017036536
2.99 0.10255073 0.00040026149 -0.10350513 -0.0016998574
3 0.1015206 0.00038328151 -0.10252544 -0.001696219
3.01 0.10050023 0.00036633711 -0.10155519 -0.0016927383
3.02 0.099489501 0.00034942674 -0.10059432 -0.0016894154
3.03 0.098488339 0.00033254881 -0.099642736 -0.00168625
3.04 0.097496646 0.00031570174 -0.09870037 -0.0016832422
3.05 0.096514332 0.00029888396 -0.097767144 -0.0016803919
3.06 0.095541304 0.0002820939 -0.096842981 -0.0016776991
3.07 0.094577472 0.00026532998 -0.095927808 -0.0016751638
3.08 0.093622748 0.00024859063 -0.095021548 -0.0016727859
3.09 0.092677042 0.00023187426 -0.094124127 -0.0016705654
3.1 0.091740265 0.00021517932 -0.093235471 -0.0016685023
3.11 0.090812332 0.00019850422 -0.092355507 -0.0016665966
3.12 0.089893156 0.00018184739 -0.091484162 -0.0016648484
3.13 0.088982649 0.00016520725 -0.090621362 -0.0016632577
3.14 0.088080729 0.00014858223 -0.089767035 -0.0016618245
3.15 0.087187309 0.00013197076 -0.08892111 -0.0016605488
3.16 0.086302307 0.00011537126 -0.088083516 -0.0016594307
3.17 0.085425639 9.8782149e-05 -0.087254182 -0.0016584703
3.18 0.084557223 8.2201855e-05 -0.086433037 -0.0016576676
3.19 0.083696978 6.5628798e-05 -0.085620011 -0.0016570227
3.2 0.082844823 4.9061401e-05 -0.084815036 -0.0016565357
3.21 0.082000678 3.2498084e-05 -0.084018042 -0.0016562068
3.22 0.081164462 1.5937265e-05 -0.083228961 -0.001656036
3.23 0.080336099 -6.2263646e-07 -0.082447725 -0.0016560235
3.24 0.079515508 -1.7183204e-05 -0.081674267 -0.0016561694
3.25 0.078702613 -3.3746024e-05 -0.08090852 -0.0016564738
3.26 0.077897338 -5.031268e-05 -0.080150417 -0.0016569369
3.27 0.077099605 -6.6884762e-05 -0.079399893 -0.0016575589
3.28 0.07630934 -8.3463859e-05 -0.078656881 -0.00165834
3.29 0.075526468 -0.00010005156 -0.077921318 -0.0016592804
3.3 0.074750914 -0.00011664947 -0.077193139 -0.0016603802
3.31 0.073982605 -0.00013325917 -0.07647228 -0.0016616398
3.32 0.073221469 -0.00014988226 -0.075758677 -0.0016630592
3.33 0.072467432 -0.00016652035 -0.075052268 -0.0016646388
3.34 0.071720423 -0.00018317504 -0.07435299 -0.0016663789
3.35 0.070980372 -0.00019984793 -0.073660781 -0.0016682796
3.36 0.070247208 -0.00021654063 -0.072975581 -0.0016703413
3.37 0.069520861 -0.00023325476 -0.072297327 -0.0016725643
3.38 0.068801262 -0.00024999192 -0.071625959 -0.0016749489
3.39 0.068088342 -0.00026675374 -0.070961418 -0.0016774954
3.4 0.067382033 -0.00028354183 -0.070303645 -0.0016802041
3.41 0.066682269 -0.00030035782 -0.069652579 -0.0016830754
3.42 0.065988982 -0.00031720334 -0.069008164 -0.0016861096
3.43 0.065302106 -0.00033408001 -0.06837034 -0.0016893071
3.44 0.064621575 -0.00035098948 -0.067739051 -0.0016926684
3.45 0.063947325 -0.00036793338 -0.067114239 -0.0016961937
3.46 0.063279291 -0.00038491335 -0.066495848 -0.0016998836
3.47 0.062617408 -0.00040193105 -0.065883822 -0.0017037384
3.48 0.061961614 -0.00041898812 -0.065278106 -0.0017077586
3.49 0.061311846 -0.00043608622 -0.064678644 -0.0017119446
3.5 0.060668042 -0.00045322702 -0.064085382 -0.001716297
3.51 0.060030139 -0.00047041216 -0.063498266 -0.0017208162
3.52 0.059398077 -0.00048764334 -0.062917243 -0.0017255026
3.53 0.058771794 -0.00050492222 -0.062342259 -0.0017303569
3.54 0.058151231 -0.00052225048 -0.061773262 -0.0017353796
3.55 0.057536329 -0.00053962981 -0.061210199 -0.0017405711
3.56 0.056927028 -0.0005570619 -0.06065302 -0.0017459321
3.57 0.056323269 -0.00057454845 -0.060101672 -0.0017514631
3.58 0.055724994 -0.00059209117 -0.059556106 -0.0017571647
3.59 0.055132147 -0.00060969175 -0.05901627 -0.0017630375
3.6 0.054544669 -0.00062735192 -0.058482116 -0.0017690822
3.61 0.053962505 -0.0006450734 -0.057953593 -0.0017752994
3.62 0.053385597 -0.00066285791 -0.057430653 -0.0017816896
3.63 0.052813892 -0.00068070719 -0.056913249 -0.0017882537
3.64 0.052247332 -0.00069862298 -0.05640133 -0.0017949922
3.65 0.051685865 -0.00071660704 -0.055894851 -0.0018019059
3.66 0.051129436 -0.0007346611 -0.055393764 -0.0018089955
3.67 0.05057799 -0.00075278695 -0.054898023 -0.0018162617
3.68 0.050031475 -0.00077098634 -0.054407582 -0.0018237052
3.69 0.049489838 -0.00078926105 -0.053922394 -0.0018313269
3.7 0.048953027 -0.00080761288 -0.053442415 -0.0018391275
3.71 0.04842099 -0.00082604361 -0.0529676 -0.0018471077
3.72 0.047893676 -0.00084455503 -0.052497905 -0.0018552685
3.73 0.047371032 -0.00086314898 -0.052033285 -0.0018636106
3.74 0.04685301 -0.00088182725 -0.051573697 -0.0018721348
3.75 0.046339558 -0.00090059168 -0.051119099 -0.0018808421
3.76 0.045830628 -0.00091944409 -0.050669447 -0.0018897334
3.77 0.04532617 -0.00093838634 -0.050224699 -0.0018988094
3.78 0.044826134 -0.00095742028 -0.049784814 -0.0019080712
3.79 0.044330473 -0.00097654777 -0.04934975 -0.0019175196
3.8 0.043839139 -0.00099577068 -0.048919467 -0.0019271556
3.81 0.043352084 -0.0010150909 -0.048493924 -0.0019369802
3.82 0.042869261 -0.0010345103 -0.04807308 -0.0019469943
3.83 0.042390623 -0.0010540308 -0.047656896 -0.001957199
3.84 0.041916123 -0.0010736543 -0.047245334 -0.0019675953
3.85 0.041445716 -0.0010933827 -0.046838353 -0.0019781842
3.86 0.040979356 -0.001113218 -0.046435916 -0.0019889668
3.87 0.040516998 -0.001133162 -0.046037984 -0.0019999441
3.88 0.040058597 -0.0011532168 -0.045644521 -0.0020111172
3.89 0.039604108 -0.0011733844 -0.045255488 -0.0020224873
3.9 0.039153487 -0.0011936666 -0.044870849 -0.0020340555
3.91 0.038706691 -0.0012140655 -0.044490567 -0.0020458229
3.92 0.038263676 -0.001234583 -0.044114606 -0.0020577906
3.93 0.037824399 -0.0012552213 -0.043742932 -0.00206996
3.94 0.037388817 -0.0012759823 -0.043375507 -0.0020823321
3.95 0.036956889 -0.0012968679 -0.043012298 -0.0020949083
3.96 0.036528571 -0.0013178804 -0.04265327 -0.0021076897
3.97 0.036103823 -0.0013390217 -0.042298388 -0.0021206776
3.98 0.035682604 -0.001360294 -0.04194762 -0.0021338734
3.99 0.035264871 -0.0013816992 -0.041600931 -0.0021472782
4 0.034850585 -0.0014032395 -0.041258288 -0.0021608935
4.01 0.034439705 -0.0014249171 -0.04091966 -0.0021747205
4.02 0.034032192 -0.001446734 -0.040585013 -0.0021887607
4.03 0.033628005 -0.0014686923 -0.040254316 -0.0022030154
4.04 0.033227106 -0.0014907943 -0.039927536 -0.0022174861
4.05 0.032829455 -0.001513042 -0.039604644 -0.0022321741
4.06 0.032435013 -0.0015354378 -0.039285608 -0.0022470809
4.07 0.032043742 -0.0015579836 -0.038970397 -0.002262208
4.08 0.031655605 -0.0015806819 -0.038658981 -0.0022775569
4.09 0.031270563 -0.0016035348 -0.038351331 -0.002293129
4.1 0.030888579 -0.0016265445 -0.038047418 -0.002308926
4.11 0.030509615 -0.0016497133 -0.037747211 -0.0023249493
4.12 0.030133634 -0.0016730435 -0.037450682 -0.0023412006
4.13 0.029760601 -0.0016965373 -0.037157804 -0.0023576814
4.14 0.029390478 -0.0017201971 -0.036868547 -0.0023743934
4.15 0.02902323 -0.0017440252 -0.036582884 -0.0023913382
4.16 0.028658821 -0.0017680239 -0.036300788 -0.0024085174
4.17 0.028297215 -0.0017921956 -0.036022231 -0.0024259328
4.18 0.027938376 -0.0018165426 -0.035747187 -0.0024435861
4.19 0.027582271 -0.0018410673 -0.035475629 -0.002461479
4.2 0.027228864 -0.0018657721 -0.035207532 -0.0024796133
4.21 0.02687812 -0.0018906596 -0.034942869 -0.0024979907
4.22 0.026530006 -0.001915732 -0.034681615 -0.0025166131
4.23 0.026184488 -0.0019409918 -0.034423745 -0.0025354822
4.24 0.025841532 -0.0019664416 -0.034169234 -0.0025546
4.25 0.025501103 -0.0019920838 -0.033918058 -0.0025739683
4.26 0.02516317 -0.002017921 -0.033670192 -0.002593589
4.27 0.0248277 -0.0020439556 -0.033425613 -0.0026134641
4.28 0.024494658 -0.0020701903 -0.033184297 -0.0026335954
4.29 0.024164014 -0.0020966275 -0.03294622 -0.002653985
4.3 0.023835734 -0.00212327 -0.03271136 -0.0026746349
4.31 0.023509787 -0.0021501202 -0.032479694 -0.0026955471
4.32 0.02318614 -0.0021771809 -0.0322512 -0.0027167236
4.33 0.022864763 -0.0022044547 -0.032025856 -0.0027381666
4.34 0.022545623 -0.0022319443 -0.03180364 -0.0027598781
4.35 0.02222869 -0.0022596523 -0.03158453 -0.0027818602
4.36 0.021913932 -0.0022875815 -0.031368506 -0.0028041151
4.37 0.02160132 -0.0023157346 -0.031155546 -0.0028266451
4.38 0.021290822 -0.0023441144 -0.030945631 -0.0028494522
4.39 0.020982407 -0.0023727236 -0.030738738 -0.0028725388
4.4 0.020676047 -0.0024015652 -0.03053485 -0.0028959071
4.41 0.02037171 -0.0024306418 -0.030333946 -0.0029195594
4.42 0.020069368 -0.0024599563 -0.030136006 -0.002943498
4.43 0.01976899 -0.0024895117 -0.029941011 -0.0029677253
4.44 0.019470548 -0.0025193109 -0.029748943 -0.0029922436
4.45 0.019174011 -0.0025493566 -0.029559783 -0.0030170554
4.46 0.018879352 -0.002579652 -0.029373513 -0.003042163
4.47 0.018586541 -0.0026101999 -0.029190115 -0.003067569
4.48 0.01829555 -0.0026410034 -0.02900957 -0.0030932758
4.49 0.01800635 -0.0026720654 -0.028831862 -0.003119286
4.5 0.017718913 -0.0027033891 -0.028656973 -0.003145602
4.51 0.01743321 -0.0027349775 -0.028484886 -0.0031722265
4.52 0.017149215 -0.0027668336 -0.028315585 -0.0031991622
4.53 0.016866899 -0.0027989607 -0.028149053 -0.0032264115
4.54 0.016586234 -0.0028313619 -0.027985274 -0.0032539773
4.55 0.016307193 -0.0028640403 -0.027824232 -0.0032818621
4.56 0.016029749 -0.0028969991 -0.027665912 -0.0033100688
4.57 0.015753875 -0.0029302416 -0.027510298 -0.0033386001
4.58 0.015479544 -0.0029637711 -0.027357375 -0.0033674587
4.59 0.015206728 -0.0029975908 -0.027207129 -0.0033966476
4.6 0.014935401 -0.0030317041 -0.027059544 -0.0034261696
4.61 0.014665537 -0.0030661142 -0.026914607 -0.0034560276
4.62 0.014397109 -0.0031008246 -0.026772303 -0.0034862244
4.63 0.014130091 -0.0031358387 -0.026632619 -0.0035167631
4.64 0.013864457 -0.0031711599 -0.02649554 -0.0035476467
4.65 0.01360018 -0.0032067917 -0.026361055 -0.0035788781
4.66 0.013337236 -0.0032427375 -0.026229149 -0.0036104605
4.67 0.013075597 -0.0032790009 -0.02609981 -0.003642397
4.68 0.012815239 -0.0033155854 -0.025973025 -0.0036746906
4.69 0.012556137 -0.0033524947 -0.025848782 -0.0037073445
4.7 0.012298264 -0.0033897323 -0.02572707 -0.0037403619
4.71 0.012041595 -0.0034273019 -0.025607875 -0.0037737461
4.72 0.011786106 -0.0034652072 -0.025491187 -0.0038075004
4.73 0.011531772 -0.003503452 -0.025376994 -0.003841628
4.74 0.011278566 -0.0035420398 -0.025265285 -0.0038761323
4.75 0.011026466 -0.0035809746 -0.02515605 -0.0039110166
4.76 0.010775445 -0.0036202602 -0.025049277 -0.0039462845
4.77 0.01052548 -0.0036599003 -0.024944956 -0.0039819392
4.78 0.010276546 -0.003699899 -0.024843078 -0.0040179845
4.79 0.010028619 -0.00374026 -0.024743632 -0.0040544236
4.8 0.0097816738 -0.0037809874 -0.024646608 -0.0040912604
4.81 0.0095356868 -0.0038220852 -0.024551998 -0.0041284982
4.82 0.0092906338 -0.0038635574 -0.024459791 -0.0041661409
4.83 0.009046491 -0.0039054081 -0.02436998 -0.0042041921
4.84 0.0088032343 -0.0039476413 -0.024282554 -0.0042426554
4.85 0.0085608399 -0.0039902612 -0.024197507 -0.0042815348
4.86 0.0083192841 -0.004033272 -0.024114829 -0.0043208339
4.87 0.0080785433 -0.0040766779 -0.024034513 -0.0043605567
4.88 0.0078385939 -0.0041204831 -0.02395655 -0.004400707
4.89 0.0075994124 -0.004164692 -0.023880933 -0.0044412888
4.9 0.0073609753 -0.0042093089 -0.023807655 -0.0044823061
4.91 0.0071232593 -0.0042543381 -0.023736709 -0.0045237628
4.92 0.0068862411 -0.0042997842 -0.023668087 -0.004565663
4.93 0.0066498975 -0.0043456514 -0.023601784 -0.0046080109
4.94 0.0064142054 -0.0043919444 -0.023537792 -0.0046508105
4.95 0.0061791417 -0.0044386676 -0.023476105 -0.0046940661
4.96 0.0059446834 -0.0044858257 -0.023416718 -0.0047377819
4.97 0.0057108074 -0.0045334233 -0.023359625 -0.0047819623
4.98 0.0054774909 -0.004581465 -0.023304819 -0.0048266114
4.99 0.005244711 -0.0046299555 -0.023252297 -0.0048717338
5 0.0050124449 -0.0046788997 -0.023202052 -0.0049173338
5.01 0.00478067 -0.0047283022 -0.023154079 -0.0049634158
5.02 0.0045493634 -0.004778168 -0.023108375 -0.0050099845
5.03 0.0043185025 -0.0048285019 -0.023064935 -0.0050570443
5.04 0.0040880647 -0.0048793089 -0.023023754 -0.0051045999
5.05 0.0038580274 -0.0049305939 -0.022984828 -0.005152656
5.06 0.0036283681 -0.004982362 -0.022948154 -0.0052012172
5.07 0.0033990643 -0.0050346183 -0.022913729 -0.0052502883
5.08 0.0031700936 -0.0050873678 -0.022881548 -0.0052998741
5.09 0.0029414334 -0.0051406158 -0.022851608 -0.0053499795
5.1 0.0027130614 -0.0051943674 -0.022823908 -0.0054006094
5.11 0.0024849552 -0.005248628 -0.022798443 -0.0054517688
5.12 0.0022570925 -0.0053034028 -0.022775212 -0.0055034625
5.13 0.002029451 -0.0053586972 -0.022754213 -0.0055556959
5.14 0.0018020083 -0.0054145167 -0.022735443 -0.0056084738
5.15 0.0015747421 -0.0054708667 -0.0227189 -0.0056618016
5.16 0.0013476303 -0.0055277528 -0.022704583 -0.0057156844
5.17 0.0011206505 -0.0055851804 -0.022692491 -0.0057701275
5.18 0.00089378047 -0.0056431553 -0.022682622 -0.0058251362
5.19 0.00066699803 -0.0057016832 -0.022674976 -0.005880716
5.2 0.00044028095 -0.0057607697 -0.022669552 -0.0059368723
5.21 0.000213607 -0.0058204206 -0.022666348 -0.0059936106
5.22 -1.3046014e-05 -0.0058806419 -0.022665366 -0.0060509365
5.23 -0.00023970031 -0.0059414394 -0.022666604 -0.0061088555
5.24 -0.00046637809 -0.006002819 -0.022670063 -0.0061673733
5.25 -0.00069310158 -0.0060647868 -0.022675744 -0.0062264958
5.26 -0.00091989298 -0.0061273489 -0.022683647 -0.0062862286
5.27 -0.0011467745 -0.0061905114 -0.022693772 -0.0063465776
5.28 -0.0013737684 -0.0062542805 -0.022706121 -0.0064075488
5.29 -0.0016008969 -0.0063186624 -0.022720695 -0.006469148
5.3 -0.0018281823 -0.0063836635 -0.022737496 -0.0065313815
5.31 -0.0020556469 -0.0064492901 -0.022756524 -0.0065942551
5.32 -0.0022833128 -0.0065155486 -0.022777783 -0.0066577752
5.33 -0.0025112025 -0.0065824456 -0.022801273 -0.0067219479
5.34 -0.0027393383 -0.0066499876 -0.022826998 -0.0067867796
5.35 -0.0029677425 -0.0067181812 -0.02285496 -0.0068522765
5.36 -0.0031964375 -0.0067870331 -0.022885161 -0.0069184451
5.37 -0.0034254457 -0.0068565501 -0.022917605 -0.0069852918
5.38 -0.0036547896 -0.006926739 -0.022952295 -0.0070528233
5.39 -0.0038844916 -0.0069976066 -0.022989234 -0.0071210462
5.4 -0.0041145743 -0.0070691599 -0.023028426 -0.0071899671
5.41 -0.0043450602 -0.007141406 -0.023069875 -0.0072595927
5.42 -0.0045759718 -0.0072143518 -0.023113584 -0.00732993
5.43 -0.0048073319 -0.0072880046 -0.023159559 -0.0074009858
5.44 -0.005039163 -0.0073623715 -0.023207803 -0.007472767
5.45 -0.0052714879 -0.0074374599 -0.023258322 -0.0075452807
5.46 -0.0055043294 -0.0075132771 -0.023311119 -0.007618534
5.47 -0.0057377103 -0.0075898306 -0.023366202 -0.0076925341
5.48 -0.0059716535 -0.0076671279 -0.023423574 -0.0077672883
5.49 -0.0062061818 -0.0077451764 -0.023483242 -0.0078428038
5.5 -0.0064413183 -0.0078239839 -0.023545211 -0.007919088
5.51 -0.0066770861 -0.0079035582 -0.023609487 -0.0079961485
5.52 -0.0069135081 -0.0079839069 -0.023676078 -0.0080739928
5.53 -0.0071506076 -0.0080650381 -0.023744988 -0.0081526285
5.54 -0.0073884079 -0.0081469595 -0.023816226 -0.0082320633
5.55 -0.0076269322 -0.0082296793 -0.023889798 -0.008312305
5.56 -0.0078662039 -0.0083132056 -0.023965711 -0.0083933615
5.57 -0.0081062464 -0.0083975466 -0.024043973 -0.0084752407
5.58 -0.0083470833 -0.0084827105 -0.024124591 -0.0085579506
5.59 -0.0085887382 -0.0085687056 -0.024207573 -0.0086414993
5.6 -0.0088312348 -0.0086555405 -0.024292928 -0.0087258951
5.61 -0.0090745968 -0.0087432235 -0.024380664 -0.0088111462
5.62 -0.0093188481 -0.0088317634 -0.024470789 -0.0088972609
5.63 -0.0095640126 -0.0089211688 -0.024563313 -0.0089842478
5.64 -0.0098101144 -0.0090114484 -0.024658244 -0.0090721152
5.65 -0.010057178 -0.0091026111 -0.024755591 -0.0091608719
5.66 -0.010305226 -0.0091946659 -0.024855365 -0.0092505265
5.67 -0.010554285 -0.0092876217 -0.024957574 -0.0093410878
5.68 -0.010804378 -0.0093814876 -0.02506223 -0.0094325647
5.69 -0.011055529 -0.009476273 -0.025169342 -0.0095249661
5.7 -0.011307765 -0.009571987 -0.02527892 -0.0096183012
5.71 -0.011561108 -0.009668639 -0.025390976 -0.009712579
5.72 -0.011815584 -0.0097662386 -0.025505521 -0.0098078088
5.73 -0.012071218 -0.0098647952 -0.025622565 -0.0099039999
5.74 -0.012328036 -0.0099643186 -0.025742121 -0.010001162
5.75 -0.012586061 -0.010064818 -0.025864199 -0.010099304
5.76 -0.01284532 -0.010166305 -0.025988813 -0.010198436
5.77 -0.013105837 -0.010268787 -0.026115973 -0.010298568
5.78 -0.013367639 -0.010372276 -0.026245693 -0.010399709
5.79 -0.013630751 -0.010476781 -0.026377985 -0.010501869
5.8 -0.013895199 -0.010582313 -0.026512863 -0.010605059
5.81 -0.014161008 -0.010688883 -0.026650339 -0.010709288
5.82 -0.014428206 -0.010796499 -0.026790427 -0.010814567
5.83 -0.014696817 -0.010905174 -0.02693314 -0.010920906
5.84 -0.014966868 -0.011014917 -0.027078493 -0.011028315
5.85 -0.015238387 -0.01112574 -0.027226501 -0.011136805
5.86 -0.015511398 -0.011237654 -0.027377176 -0.011246387
5.87 -0.01578593 -0.011350668 -0.027530535 -0.011357071
5.88 -0.016062009 -0.011464795 -0.027686592 -0.011468868
5.89 -0.016339662 -0.011580045 -0.027845363 -0.011581789
5.9 -0.016618916 -0.011696431 -0.028006862 -0.011695846
5.91 -0.016899799 -0.011813962 -0.028171107 -0.011811048
5.92 -0.017182339 -0.011932652 -0.028338112 -0.011927409
5.93 -0.017466562 -0.012052511 -0.028507895 -0.012044938
5.94 -0.017752497 -0.012173551 -0.028680472 -0.012163649
5.95 -0.018040171 -0.012295784 -0.02885586 -0.012283551
5.96 -0.018329614 -0.012419222 -0.029034076 -0.012404657
5.97 -0.018620853 -0.012543877 -0.029215138 -0.012526979
5.98 -0.018913917 -0.012669761 -0.029399063 -0.012650529
5.99 -0.019208834 -0.012796887 -0.029585869 -0.012775319
6 -0.019505634 -0.012925268 -0.029775575 -0.012901361
6.01 -0.019804346 -0.013054915 -0.0299682 -0.013028667
6.02 -0.020104998 -0.013185841 -0.030163761 -0.01315725
6.03 -0.020407621 -0.01331806 -0.030362279 -0.013287123
6.04 -0.020712244 -0.013451584 -0.030563773 -0.013418299
6.05 -0.021018896 -0.013586426 -0.030768262 -0.013550789
6.06 -0.021327609 -0.013722599 -0.030975767 -0.013684608
6.07 -0.021638412 -0.013860118 -0.031186307 -0.013819767
6.08 -0.021951335 -0.013998995 -0.031399904 -0.013956282
6.09 -0.02226641 -0.014139244 -0.031616579 -0.014094164
6.1 -0.022583667 -0.014280878 -0.031836352 -0.014233427
6.11 -0.022903137 -0.014423912 -0.032059246 -0.014374086
6.12 -0.023224852 -0.01456836 -0.032285282 -0.014516153
6.13 -0.023548843 -0.014714235 -0.032514482 -0.014659644
6.14 -0.023875142 -0.014861553 -0.032746869 -0.014804571
6.15 -0.02420378 -0.015010327 -0.032982465 -0.014950949
6.16 -0.024534791 -0.015160572 -0.033221294 -0.015098792
6.17 -0.024868206 -0.015312303 -0.033463378 -0.015248115
6.18 -0.025204059 -0.015465534 -0.033708743 -0.015398933
6.19 -0.025542381 -0.015620281 -0.033957411 -0.01555126
6.2 -0.025883207 -0.015776559 -0.034209408 -0.015705111
6.21 -0.026226569 -0.015934383 -0.034464757 -0.015860502
6.22 -0.026572502 -0.016093769 -0.034723484 -0.016017447
6.23 -0.026921039 -0.016254732 -0.034985614 -0.016175962
6.24 -0.027272214 -0.016417289 -0.035251174 -0.016336062
6.25 -0.027626063 -0.016581454 -0.035520188 -0.016497763
6.26 -0.027982618 -0.016747244 -0.035792683 -0.016661082
6.27 -0.028341916 -0.016914675 -0.036068687 -0.016826033
6.28 -0.028703992 -0.017083765 -0.036348226 -0.016992633
6.29 -0.029068881 -0.017254528 -0.036631327 -0.017160899
6.3 -0.029436619 -0.017426983 -0.036918018 -0.017330847
6.31 -0.029807241 -0.017601145 -0.037208327 -0.017502493
6.32 -0.030180785 -0.017777033 -0.037502284 -0.017675855
6.33 -0.030557287 -0.017954662 -0.037799916 -0.017850949
6.34 -0.030936784 -0.018134052 -0.038101252 -0.018027793
6.35 -0.031319312 -0.018315218 -0.038406323 -0.018206404
6.36 -0.03170491 -0.01849818 -0.038715158 -0.018386799
6.37 -0.032093615 -0.018682954 -0.039027788 -0.018568997
6.38 -0.032485466 -0.01886956 -0.039344243 -0.018753014
6.39 -0.0328805 -0.019058014 -0.039664553 -0.018938869
6.4 -0.033278757 -0.019248337 -0.039988751 -0.01912658
6.41 -0.033680275 -0.019440546 -0.040316869 -0.019316166
6.42 -0.034085095 -0.01963466 -0.040648938 -0.019507645
6.43 -0.034493254 -0.019830699 -0.040984991 -0.019701036
6.44 -0.034904794 -0.020028681 -0.04132506 -0.019896358
6.45 -0.035319756 -0.020228626 -0.04166918 -0.02009363
6.46 -0.035738178 -0.020430554 -0.042017384 -0.020292872
6.47 -0.036160103 -0.020634484 -0.042369706 -0.020494102
6.48 -0.036585572 -0.020840436 -0.042726181 -0.020697341
6.49 -0.037014627 -0.021048431 -0.043086843 -0.020902609
6.5 -0.037447309 -0.021258488 -0.043451728 -0.021109925
6.51 -0.037883662 -0.021470629 -0.043820872 -0.02131931
6.52 -0.038323727 -0.021684874 -0.04419431 -0.021530784
6.53 -0.038767548 -0.021901245 -0.04457208 -0.021744369
6.54 -0.039215169 -0.022119762 -0.044954219 -0.021960085
6.55 -0.039666632 -0.022340447 -0.045340763 -0.022177953
6.56 -0.040121984 -0.022563321 -0.045731751 -0.022397995
6.57 -0.040581268 -0.022788407 -0.046127221 -0.022620232
6.58 -0.041044528 -0.023015726 -0.046527213 -0.022844686
6.59 -0.041511812 -0.0232453 -0.046931764 -0.023071379
6.6 -0.041983164 -0.023477153 -0.047340915 -0.023300334
6.61 -0.04245863 -0.023711307 -0.047754706 -0.023531571
6.62 -0.042938258 -0.023947785 -0.048173177 -0.023765116
6.63 -0.043422094 -0.02418661 -0.048596369 -0.024000989
6.64 -0.043910186 -0.024427805 -0.049024325 -0.024239215
6.65 -0.044402581 -0.024671394 -0.049457085 -0.024479816
6.66 -0.044899327 -0.024917401 -0.049894692 -0.024722817
6.67 -0.045400474 -0.02516585 -0.05033719 -0.024968241
6.68 -0.045906071 -0.025416766 -0.050784621 -0.025216111
6.69 -0.046416167 -0.025670173 -0.051237029 -0.025466454
6.7 -0.046930812 -0.025926095 -0.051694459 -0.025719292
6.71 -0.047450056 -0.026184558 -0.052156956 -0.025974651
6.72 -0.047973951 -0.026445588 -0.052624564 -0.026232555
6.73 -0.048502548 -0.02670921 -0.05309733 -0.026493031
6.74 -0.049035898 -0.026975449 -0.0535753 -0.026756103
6.75 -0.049574054 -0.027244332 -0.054058521 -0.027021798
6.76 -0.050117068 -0.027515885 -0.05454704 -0.027290141
6.77 -0.050664995 -0.027790135 -0.055040905 -0.027561158
6.78 -0.051217887 -0.028067108 -0.055540165 -0.027834877
6.79 -0.051775798 -0.028346832 -0.056044868 -0.028111324
6.8 -0.052338784 -0.028629335 -0.056555064 -0.028390526
6.81 -0.0529069 -0.028914643 -0.057070802 -0.02867251
6.82 -0.0534802 -0.029202785 -0.057592135 -0.028957305
6.83 -0.054058742 -0.029493789 -0.058119111 -0.029244938
6.84 -0.054642583 -0.029787684 -0.058651784 -0.029535437
6.85 -0.055231778 -0.030084498 -0.059190205 -0.02982883
6.86 -0.055826387 -0.03038426 -0.059734428 -0.030125148
6.87 -0.056426467 -0.030687001 -0.060284504 -0.030424417
6.88 -0.057032077 -0.030992749 -0.06084049 -0.030726669
6.89 -0.057643277 -0.031301534 -0.061402438 -0.031031932
6.9 -0.058260126 -0.031613388 -0.061970404 -0.031340236
6.91 -0.058882685 -0.031928339 -0.062544444 -0.031651613
6.92 -0.059511015 -0.03224642 -0.063124613 -0.031966091
6.93 -0.060145177 -0.032567661 -0.063710969 -0.032283702
6.94 -0.060785235 -0.032892094 -0.06430357 -0.032604477
6.95 -0.061431249 -0.033219751 -0.064902473 -0.032928448
6.96 -0.062083284 -0.033550663 -0.065507736 -0.033255646
6.97 -0.062741404 -0.033884864 -0.06611942 -0.033586103
6.98 -0.063405673 -0.034222385 -0.066737585 -0.033919852
6.99 -0.064076156 -0.034563261 -0.06736229 -0.034256925
7 -0.064752919 -0.034907524 -0.067993597 -0.034597356
