0 1 0 0 0.35143906
0.01 1.0000387 0.0035143906 0.0075901461 0.35020424
0.02 1.0001518 0.0070040843 0.014593548 0.34661031
0.03 1.0003306 0.010446596 0.020523772 0.34095785
0.04 1.0005623 0.01382324 0.025056148 0.33366092
0.05 1.0008317 0.017119812 0.028036705 0.32516149
0.06 1.001123 0.020326468 0.029452035 0.31586475
0.07 1.0014208 0.023437107 0.029383762 0.30610546
0.08 1.0017107 0.026448577 0.027965901 0.29614015
0.09 1.0019801 0.02935991 0.025353205 0.28615429
0.1 1.0022177 0.032171665 0.021701193 0.27627563
0.11 1.0024141 0.034885425 0.017155306 0.26658807
0.12 1.0025609 0.037503428 0.011846104 0.25714365
0.13 1.002651 0.0400283 0.0058880353 0.247972
0.14 1.0026786 0.042462871 -0.00061991982 0.23908741
0.15 1.0026386 0.044810051 -0.0075927497 0.2304939
0.16 1.0025268 0.047072752 -0.01495763 0.22218872
0.17 1.0023395 0.049253829 -0.022652163 0.21416493
0.18 1.0020737 0.051356054 -0.030622768 0.20641301
0.19 1.001727 0.053382092 -0.038823276 0.19892204
0.2 1.0012972 0.055334498 -0.047213737 0.19168048
0.21 1.0007827 0.057215705 -0.055759417 0.18467663
0.22 1.0001821 0.059028033 -0.064429963 0.17789902
0.23 0.99949413 0.060773688 -0.073198713 0.17133657
0.24 0.99871809 0.062454767 -0.082042125 0.16497871
0.25 0.99785329 0.064073265 -0.090939308 0.15881544
0.26 0.9968993 0.065631079 -0.099871635 0.1528374
0.27 0.99585586 0.067130016 -0.10882241 0.14703581
0.28 0.99472285 0.068571798 -0.11777663 0.14140247
0.29 0.99350033 0.069958068 -0.1267207 0.13592979
0.3 0.99218844 0.071290396 -0.13564233 0.13061066
0.31 0.99078748 0.072570283 -0.14453031 0.12543852
0.32 0.98929784 0.073799168 -0.15337441 0.12040724
0.33 0.98772 0.07497843 -0.16216527 0.11551114
0.34 0.98605453 0.076109393 -0.1708943 0.11074495
0.35 0.98430211 0.077193331 -0.1795536 0.10610374
0.36 0.98246346 0.07823147 -0.18813589 0.10158294
0.37 0.98053939 0.079224992 -0.19663444 0.097178287
0.38 0.97853078 0.080175037 -0.20504306 0.092885804
0.39 0.97643853 0.08108271 -0.21335602 0.088701773
0.4 0.97426366 0.081949075 -0.22156801 0.084622717
0.41 0.97200718 0.082775166 -0.22967415 0.080645379
0.42 0.96967018 0.083561984 -0.2376699 0.076766702
0.43 0.96725378 0.084310501 -0.24555107 0.072983815
0.44 0.96475915 0.085021661 -0.25331382 0.069294016
0.45 0.9621875 0.085696383 -0.26095459 0.065694756
0.46 0.95954006 0.086335558 -0.2684701 0.062183628
0.47 0.9568181 0.086940057 -0.27585737 0.058758357
0.48 0.95402292 0.087510726 -0.28311365 0.055416785
0.49 0.95115583 0.088048393 -0.29023645 0.052156864
0.5 0.94821819 0.088553865 -0.29722348 0.048976646
0.51 0.94521136 0.089027927 -0.30407272 0.045874275
0.52 0.94213674 0.089471351 -0.31078232 0.042847979
0.53 0.93899572 0.089884888 -0.31735064 0.039896065
0.54 0.93578973 0.090269273 -0.32377624 0.03701691
0.55 0.93252019 0.090625227 -0.33005787 0.034208956
0.56 0.92918857 0.090953453 -0.33619444 0.031470706
0.57 0.92579631 0.091254642 -0.34218504 0.028800719
0.58 0.92234487 0.091529469 -0.34802891 0.026197604
0.59 0.91883573 0.091778595 -0.35372547 0.023660018
0.6 0.91527036 0.09200267 -0.35927427 0.02118666
0.61 0.91165024 0.092202329 -0.36467501 0.018776271
0.62 0.90797686 0.092378196 -0.36992753 0.016427628
0.63 0.90425169 0.092530882 -0.3750318 0.014139542
0.64 0.90047623 0.092660987 -0.37998792 0.011910857
0.65 0.89665194 0.0927691 -0.3847961 0.0097404447
0.66 0.8927803 0.092855796 -0.38945668 0.007627206
0.67 0.8888628 0.092921644 -0.39397012 0.0055700661
0.68 0.8849009 0.092967198 -0.39833696 0.0035679745
0.69 0.88089606 0.092993004 -0.40255787 0.0016199027
0.7 0.87684975 0.092999597 -0.40663359 -0.000275157
0.71 0.87276339 0.092987501 -0.41056499 -0.0021181928
0.72 0.86863845 0.092957233 -0.41435298 -0.0039101746
0.73 0.86447633 0.092909298 -0.41799861 -0.005652055
0.74 0.86027847 0.092844192 -0.42150296 -0.0073447703
0.75 0.85604627 0.092762403 -0.42486722 -0.0089892415
0.76 0.85178113 0.092664408 -0.42809264 -0.010586375
0.77 0.84748442 0.092550676 -0.43118053 -0.012137062
0.78 0.84315752 0.092421667 -0.43413229 -0.013642182
0.79 0.83880178 0.092277832 -0.43694934 -0.015102602
0.8 0.83441853 0.092119615 -0.4396332 -0.016519174
0.81 0.83000911 0.091947449 -0.44218541 -0.017892741
0.82 0.82557483 0.091761761 -0.44460758 -0.019224132
0.83 0.82111696 0.091562967 -0.44690136 -0.020514168
0.84 0.8166368 0.091351477 -0.44906845 -0.021763656
0.85 0.81213559 0.091127694 -0.45111057 -0.022973395
0.86 0.80761459 0.09089201 -0.45302949 -0.024144171
0.87 0.803075 0.09064481 -0.45482702 -0.025276763
0.88 0.79851805 0.090386474 -0.456505 -0.026371938
0.89 0.7939449 0.090117372 -0.45806528 -0.027430453
0.9 0.78935674 0.089837865 -0.45950976 -0.028453056
0.91 0.78475471 0.089548311 -0.46084033 -0.029440486
0.92 0.78013993 0.089249056 -0.46205893 -0.030393472
0.93 0.77551353 0.088940441 -0.46316751 -0.031312734
0.94 0.77087658 0.088622801 -0.46416803 -0.032198982
0.95 0.76623017 0.088296462 -0.46506246 -0.033052918
0.96 0.76157533 0.087961743 -0.46585278 -0.033875233
0.97 0.75691311 0.087618957 -0.46654098 -0.03466661
0.98 0.75224452 0.087268411 -0.46712907 -0.035427724
0.99 0.74757053 0.086910403 -0.46761904 -0.036159239
1 0.74289213 0.086545226 -0.46801289 -0.036861811
1.01 0.73821027 0.086173167 -0.46831263 -0.037536087
1.02 0.73352588 0.085794504 -0.46852026 -0.038182705
1.03 0.72883987 0.085409513 -0.46863777 -0.038802292
1.04 0.72415313 0.085018458 -0.46866716 -0.039395471
1.05 0.71946653 0.084621603 -0.46861041 -0.03996285
1.06 0.71478092 0.084219201 -0.46846949 -0.040505032
1.07 0.71009714 0.083811502 -0.46824639 -0.041022611
1.08 0.70541599 0.083398749 -0.46794304 -0.04151617
1.09 0.70073828 0.082981179 -0.4675614 -0.041986285
1.1 0.69606476 0.082559024 -0.4671034 -0.042433521
1.11 0.69139621 0.082132509 -0.46657095 -0.042858438
1.12 0.68673334 0.081701855 -0.46596595 -0.043261583
1.13 0.68207689 0.081267277 -0.46529029 -0.043643496
1.14 0.67742754 0.080828985 -0.46454583 -0.044004709
1.15 0.67278597 0.080387183 -0.46373442 -0.044345743
1.16 0.66815285 0.07994207 -0.4628579 -0.044667113
1.17 0.66352881 0.07949384 -0.46191806 -0.044969324
1.18 0.65891449 0.079042683 -0.46091669 -0.045252872
1.19 0.65431048 0.078588783 -0.45985557 -0.045518245
1.2 0.64971738 0.078132318 -0.45873644 -0.045765922
1.21 0.64513575 0.077673464 -0.45756101 -0.045996374
1.22 0.64056616 0.077212391 -0.45633099 -0.046210062
1.23 0.63600913 0.076749263 -0.45504806 -0.046407442
1.24 0.6314652 0.076284242 -0.45371386 -0.046588958
1.25 0.62693485 0.075817484 -0.45233002 -0.046755048
1.26 0.6224186 0.075349141 -0.45089815 -0.046906141
1.27 0.61791689 0.074879361 -0.44941982 -0.047042657
1.28 0.6134302 0.074408288 -0.44789659 -0.04716501
1.29 0.60895896 0.073936061 -0.44632998 -0.047273604
1.3 0.6045036 0.073462816 -0.44472149 -0.047368835
1.31 0.60006453 0.072988684 -0.4430726 -0.047451094
1.32 0.59564215 0.072513794 -0.44138477 -0.04752076
1.33 0.59123683 0.072038269 -0.43965941 -0.047578208
1.34 0.58684896 0.07156223 -0.43789792 -0.047623803
1.35 0.58247888 0.071085793 -0.43610169 -0.047657903
1.36 0.57812693 0.070609072 -0.43427204 -0.047680859
1.37 0.57379344 0.070132176 -0.43241031 -0.047693014
1.38 0.56947872 0.069655211 -0.43051779 -0.047694705
1.39 0.56518308 0.069178282 -0.42859575 -0.04768626
1.4 0.5609068 0.068701486 -0.42664544 -0.047668001
1.41 0.55665017 0.068224922 -0.42466806 -0.047640242
1.42 0.55241344 0.067748681 -0.42266482 -0.047603292
1.43 0.54819688 0.067272856 -0.42063687 -0.047557451
1.44 0.54400071 0.066797532 -0.41858538 -0.047503014
1.45 0.53982517 0.066322795 -0.41651144 -0.047440268
1.46 0.53567048 0.065848727 -0.41441615 -0.047369494
1.47 0.53153684 0.065375406 -0.41230059 -0.047290967
1.48 0.52742447 0.064902908 -0.41016579 -0.047204955
1.49 0.52333353 0.064431306 -0.40801278 -0.047111719
1.5 0.51926421 0.063960673 -0.40584255 -0.047011516
1.51 0.51521668 0.063491076 -0.40365607 -0.046904595
1.52 0.51119109 0.063022581 -0.4014543 -0.046791201
1.53 0.50718759 0.062555252 -0.39923816 -0.04667157
1.54 0.50320633 0.06208915 -0.39700855 -0.046545936
1.55 0.49924742 0.061624333 -0.39476636 -0.046414524
1.56 0.495311 0.061160859 -0.39251244 -0.046277556
1.57 0.49139717 0.060698782 -0.39024763 -0.046135247
1.58 0.48750605 0.060238154 -0.38797276 -0.045987807
1.59 0.48363772 0.059779026 -0.3856886 -0.045835441
1.6 0.47979228 0.059321446 -0.38339595 -0.045678349
1.61 0.4759698 0.058865459 -0.38109554 -0.045516724
1.62 0.47217037 0.058411111 -0.37878813 -0.045350758
1.63 0.46839404 0.057958444 -0.37647441 -0.045180635
1.64 0.46464088 0.057507498 -0.37415508 -0.045006533
1.65 0.46091094 0.057058313 -0.37183082 -0.04482863
1.66 0.45720426 0.056610926 -0.36950228 -0.044647094
1.67 0.45352089 0.056165372 -0.36717011 -0.044462093
1.68 0.44986086 0.055721684 -0.36483491 -0.044273788
1.69 0.44622419 0.055279896 -0.3624973 -0.044082336
1.7 0.44261091 0.054840037 -0.36015785 -0.043887891
1.71 0.43902104 0.054402138 -0.35781714 -0.043690601
1.72 0.43545457 0.053966225 -0.35547571 -0.043490611
1.73 0.43191152 0.053532326 -0.35313409 -0.043288063
1.74 0.42839189 0.053100464 -0.35079281 -0.043083092
1.75 0.42489567 0.052670664 -0.34845236 -0.042875833
1.76 0.42142284 0.052242947 -0.34611324 -0.042666414
1.77 0.4179734 0.051817336 -0.3437759 -0.042454962
1.78 0.41454732 0.051393848 -0.34144081 -0.042241598
1.79 0.41114459 0.050972504 -0.33910841 -0.042026442
1.8 0.40776516 0.050553319 -0.33677912 -0.041809609
1.81 0.404409 0.050136312 -0.33445335 -0.04159121
1.82 0.40107609 0.049721495 -0.33213151 -0.041371355
1.83 0.39776637 0.049308884 -0.32981398 -0.041150149
1.84 0.39447981 0.048898492 -0.32750114 -0.040927694
1.85 0.39121635 0.048490331 -0.32519333 -0.04070409
1.86 0.38797594 0.04808441 -0.32289092 -0.040479433
1.87 0.38475853 0.047680742 -0.32059423 -0.040253817
1.88 0.38156406 0.047279334 -0.31830359 -0.040027333
1.89 0.37839246 0.046880195 -0.31601931 -0.039800068
1.9 0.37524367 0.046483333 -0.31374169 -0.039572107
1.91 0.37211763 0.046088753 -0.31147101 -0.039343534
1.92 0.36901425 0.045696462 -0.30920756 -0.039114428
1.93 0.36593348 0.045306465 -0.30695161 -0.038884867
1.94 0.36287522 0.044918765 -0.3047034 -0.038654927
1.95 0.35983941 0.044533366 -0.30246319 -0.038424679
1.96 0.35682596 0.044150271 -0.30023122 -0.038194194
1.97 0.35383479 0.043769482 -0.29800771 -0.03796354
1.98 0.35086581 0.043391001 -0.29579288 -0.037732784
1.99 0.34791893 0.043014827 -0.29358695 -0.037501989
2 0.34499407 0.042640961 -0.2913901 -0.037271217
2.01 0.34209113 0.042269402 -0.28920253 -0.037040527
2.02 0.33921002 0.04190015 -0.28702444 -0.036809977
2.03 0.33635064 0.041533203 -0.28485598 -0.036579624
2.04 0.3335129 0.041168558 -0.28269733 -0.03634952
2.05 0.33069669 0.040806212 -0.28054865 -0.036119718
2.06 0.32790192 0.040446164 -0.27841009 -0.035890268
2.07 0.32512849 0.040088407 -0.2762818 -0.035661219
2.08 0.32237629 0.039732939 -0.27416391 -0.035432617
2.09 0.31964521 0.039379755 -0.27205655 -0.035204508
2.1 0.31693516 0.039028849 -0.26995985 -0.034976935
2.11 0.31424602 0.038680216 -0.26787392 -0.03474994
2.12 0.31157768 0.03833385 -0.26579888 -0.034523564
2.13 0.30893004 0.037989745 -0.26373483 -0.034297845
2.14 0.30630298 0.037647893 -0.26168187 -0.034072822
2.15 0.3036964 0.037308289 -0.25964009 -0.03384853
2.16 0.30111018 0.036970923 -0.25760958 -0.033625004
2.17 0.29854421 0.036635788 -0.25559042 -0.033402278
2.18 0.29599838 0.036302877 -0.25358268 -0.033180384
2.19 0.29347256 0.035972181 -0.25158645 -0.032959352
2.2 0.29096665 0.03564369 -0.24960178 -0.032739214
2.21 0.28848052 0.035317397 -0.24762874 -0.032519996
2.22 0.28601407 0.03499329 -0.24566737 -0.032301727
2.23 0.28356718 0.034671362 -0.24371775 -0.032084434
2.24 0.28113972 0.034351602 -0.2417799 -0.03186814
2.25 0.27873158 0.034033999 -0.23985388 -0.031652871
2.26 0.27634264 0.033718544 -0.23793972 -0.031438649
2.27 0.27397278 0.033405226 -0.23603746 -0.031225498
2.28 0.27162189 0.033094034 -0.23414714 -0.031013437
2.29 0.26928984 0.032784958 -0.23226876 -0.030802488
2.3 0.26697652 0.032477985 -0.23040237 -0.030592669
2.31 0.26468179 0.032173104 -0.22854798 -0.030384
2.32 0.26240556 0.031870305 -0.2267056 -0.030176498
2.33 0.26014768 0.031569574 -0.22487525 -0.029970179
2.34 0.25790805 0.031270901 -0.22305695 -0.029765061
2.35 0.25568654 0.030974273 -0.22125069 -0.029561157
2.36 0.25348304 0.030679678 -0.21945647 -0.029358484
2.37 0.25129742 0.030387104 -0.21767431 -0.029157054
2.38 0.24912955 0.030096537 -0.2159042 -0.02895688
2.39 0.24697933 0.029807966 -0.21414613 -0.028757976
2.4 0.24484663 0.029521378 -0.2124001 -0.028560352
2.41 0.24273133 0.029236759 -0.2106661 -0.02836402
2.42 0.24063331 0.028954097 -0.20894411 -0.028168991
2.43 0.23855245 0.028673379 -0.20723411 -0.027975274
2.44 0.23648863 0.028394592 -0.2055361 -0.027782878
2.45 0.23444173 0.028117722 -0.20385006 -0.027591813
2.46 0.23241163 0.027842756 -0.20217596 -0.027402087
2.47 0.23039821 0.02756968 -0.20051377 -0.027213707
2.48 0.22840135 0.027298481 -0.19886348 -0.02702668
2.49 0.22642094 0.027029146 -0.19722506 -0.026841013
2.5 0.22445685 0.026761661 -0.19559847 -0.026656713
2.51 0.22250897 0.026496012 -0.19398369 -0.026473785
2.52 0.22057718 0.026232186 -0.19238068 -0.026292234
2.53 0.21866136 0.025970168 -0.19078941 -0.026112066
2.54 0.21676139 0.025709944 -0.18920985 -0.025933284
2.55 0.21487716 0.025451502 -0.18764196 -0.025755893
2.56 0.21300855 0.025194826 -0.18608569 -0.025579896
2.57 0.21115545 0.024939904 -0.18454101 -0.025405297
2.58 0.20931773 0.024686721 -0.18300788 -0.025232099
2.59 0.20749529 0.024435262 -0.18148626 -0.025060304
2.6 0.20568801 0.024185514 -0.1799761 -0.024889915
2.61 0.20389577 0.023937464 -0.17847735 -0.024720933
2.62 0.20211846 0.023691096 -0.17698998 -0.02455336
2.63 0.20035597 0.023446397 -0.17551393 -0.024387197
2.64 0.19860818 0.023203352 -0.17404916 -0.024222446
2.65 0.19687498 0.022961948 -0.17259561 -0.024059107
2.66 0.19515627 0.02272217 -0.17115325 -0.023897181
2.67 0.19345192 0.022484004 -0.169722 -0.023736668
2.68 0.19176183 0.022247436 -0.16830184 -0.023577568
2.69 0.19008588 0.022012453 -0.1668927 -0.023419881
2.7 0.18842397 0.021779039 -0.16549453 -0.023263605
2.71 0.18677599 0.021547181 -0.16410727 -0.023108742
2.72 0.18514183 0.021316864 -0.16273088 -0.022955289
2.73 0.18352138 0.021088075 -0.1613653 -0.022803245
2.74 0.18191452 0.020860799 -0.16001047 -0.02265261
2.75 0.18032117 0.020635023 -0.15866633 -0.022503381
2.76 0.1787412 0.020410732 -0.15733283 -0.022355558
2.77 0.17717451 0.020187912 -0.15600992 -0.022209138
2.78 0.175621 0.019966549 -0.15469753 -0.022064119
2.79 0.17408056 0.019746629 -0.1533956 -0.0219205
2.8 0.17255309 0.019528139 -0.15210409 -0.021778278
2.81 0.17103848 0.019311064 -0.15082292 -0.02163745
2.82 0.16953663 0.01909539 -0.14955204 -0.021498014
2.83 0.16804744 0.018881104 -0.1482914 -0.021359967
2.84 0.1665708 0.018668191 -0.14704092 -0.021223307
2.85 0.16510662 0.018456637 -0.14580056 -0.02108803
2.86 0.16365479 0.01824643 -0.14457024 -0.020954134
2.87 0.16221521 0.018037555 -0.14334992 -0.020821615
2.88 0.16078779 0.017829998 -0.14213953 -0.020690471
2.89 0.15937242 0.017623745 -0.140939 -0.020560697
2.9 0.15796901 0.017418784 -0.13974829 -0.020432291
2.91 0.15657746 0.0172151 -0.13856732 -0.020305249
2.92 0.15519767 0.017012679 -0.13739603 -0.020179568
2.93 0.15382954 0.016811508 -0.13623437 -0.020055243
2.94 0.15247298 0.016611574 -0.13508228 -0.019932271
2.95 0.15112789 0.016412863 -0.13393968 -0.019810649
2.96 0.14979419 0.016215361 -0.13280652 -0.019690372
2.97 0.14847176 0.016019055 -0.13168275 -0.019571437
2.98 0.14716053 0.015823932 -0.13056828 -0.01945384
2.99 0.1458604 0.015629979 -0.12946308 -0.019337577
3 0.14457127 0.015437181 -0.12836707 -0.019222643
3.01 0.14329306 0.015245526 -0.12728019 -0.019109035
3.02 0.14202567 0.015055 -0.12620238 -0.018996749
3.03 0.14076901 0.014865591 -0.12513358 -0.018885781
3.04 0.13952299 0.014677285 -0.12407373 -0.018776125
3.05 0.13828753 0.014490068 -0.12302277 -0.018667779
3.06 0.13706254 0.014303929 -0.12198063 -0.018560738
3.07 0.13584792 0.014118854 -0.12094726 -0.018454998
3.08 0.13464359 0.013934829 -0.11992259 -0.018350555
3.09 0.13344947 0.013751842 -0.11890657 -0.018247404
3.1 0.13226546 0.013569881 -0.11789913 -0.018145541
3.11 0.13109149 0.013388932 -0.11690021 -0.018044962
3.12 0.12992746 0.013208982 -0.11590976 -0.017945663
3.13 0.12877329 0.013030018 -0.1149277 -0.017847639
3.14 0.12762891 0.012852029 -0.113954 -0.017750886
3.15 0.12649421 0.012675001 -0.11298857 -0.0176554
3.16 0.12536913 0.012498921 -0.11203137 -0.017561177
3.17 0.12425359 0.012323777 -0.11108233 -0.017468212
3.18 0.12314749 0.012149557 -0.1101414 -0.017376501
3.19 0.12205076 0.011976247 -0.10920851 -0.017286041
3.2 0.12096332 0.011803836 -0.10828361 -0.017196826
3.21 0.11988509 0.011632311 -0.10736664 -0.017108852
3.22 0.11881599 0.011461659 -0.10645754 -0.017022116
3.23 0.11775594 0.011291868 -0.10555626 -0.016936614
3.24 0.11670486 0.011122927 -0.10466273 -0.01685234
3.25 0.11566268 0.010954822 -0.1037769 -0.016769292
3.26 0.11462932 0.010787541 -0.10289871 -0.016687464
3.27 0.11360471 0.010621072 -0.10202811 -0.016606854
3.28 0.11258876 0.010455404 -0.10116503 -0.016527456
3.29 0.11158141 0.010290523 -0.10030943 -0.016449268
3.3 0.11058257 0.010126419 -0.099461242 -0.016372284
3.31 0.10959218 0.0099630776 -0.098620414 -0.016296501
3.32 0.10861016 0.0098004885 -0.09778689 -0.016221916
3.33 0.10763644 0.0096386393 -0.096960616 -0.016148524
3.34 0.10667095 0.009477518 -0.096141537 -0.016076321
3.35 0.10571361 0.0093171129 -0.095329598 -0.016005304
3.36 0.10476436 0.009157412 -0.094524744 -0.015935469
3.37 0.10382312 0.0089984035 -0.093726923 -0.015866813
3.38 0.10288982 0.0088400757 -0.09293608 -0.01579933
3.39 0.1019644 0.0086824169 -0.092152162 -0.015733019
3.4 0.10104678 0.0085254154 -0.091375116 -0.015667876
3.41 0.1001369 0.0083690594 -0.090604889 -0.015603896
3.42 0.099234681 0.0082133374 -0.08984143 -0.015541077
3.43 0.098340067 0.0080582379 -0.089084685 -0.015479415
3.44 0.097452987 0.0079037492 -0.088334603 -0.015418906
3.45 0.096573375 0.0077498598 -0.087591133 -0.015359548
3.46 0.095701165 0.0075965582 -0.086854224 -0.015301337
3.47 0.094836291 0.007443833 -0.086123825 -0.015244269
3.48 0.093978688 0.0072916728 -0.085399885 -0.015188342
3.49 0.093128293 0.0071400662 -0.084682355 -0.015133553
3.5 0.092285041 0.0069890018 -0.083971184 -0.015079898
3.51 0.091448869 0.0068384683 -0.083266323 -0.015027375
3.52 0.090619715 0.0066884543 -0.082567724 -0.01497598
3.53 0.089797515 0.0065389487 -0.081875336 -0.01492571
3.54 0.088982208 0.0063899401 -0.081189113 -0.014876563
3.55 0.088173733 0.0062414174 -0.080509005 -0.014828536
3.56 0.087372028 0.0060933694 -0.079834965 -0.014781626
3.57 0.086577034 0.0059457849 -0.079166945 -0.014735831
3.58 0.08578869 0.0057986528 -0.078504899 -0.014691147
3.59 0.085006936 0.005651962 -0.077848779 -0.014647573
3.6 0.084231714 0.0055057013 -0.077198539 -0.014605106
3.61 0.083462965 0.0053598599 -0.076554133 -0.014563742
3.62 0.082700632 0.0052144265 -0.075915515 -0.014523481
3.63 0.081944655 0.0050693902 -0.07528264 -0.014484319
3.64 0.081194979 0.0049247401 -0.074655462 -0.014446255
3.65 0.080451546 0.0047804651 -0.074033937 -0.014409286
3.66 0.0797143 0.0046365544 -0.07341802 -0.01437341
3.67 0.078983186 0.004492997 -0.072807667 -0.014338625
3.68 0.078258147 0.0043497819 -0.072202835 -0.014304929
3.69 0.077539129 0.0042068984 -0.071603479 -0.01427232
3.7 0.076826078 0.0040643355 -0.071009556 -0.014240796
3.71 0.076118938 0.0039220825 -0.070421025 -0.014210355
3.72 0.075417657 0.0037801284 -0.069837841 -0.014180996
3.73 0.074722181 0.0036384626 -0.069259964 -0.014152716
3.74 0.074032458 0.0034970741 -0.068687351 -0.014125515
3.75 0.073348435 0.0033559523 -0.068119961 -0.014099391
3.76 0.072670059 0.0032150863 -0.067557752 -0.014074342
3.77 0.07199728 0.0030744654 -0.067000684 -0.014050367
3.78 0.071330045 0.002934079 -0.066448716 -0.014027464
3.79 0.070668305 0.0027939161 -0.065901808 -0.014005633
3.8 0.070012009 0.0026539663 -0.06535992 -0.013984872
3.81 0.069361107 0.0025142187 -0.064823012 -0.013965179
3.82 0.068715549 0.0023746627 -0.064291046 -0.013946554
3.83 0.068075286 0.0022352876 -0.063763981 -0.013928996
3.84 0.06744027 0.0020960828 -0.063241781 -0.013912504
3.85 0.066810451 0.0019570376 -0.062724405 -0.013897077
3.86 0.066185782 0.0018181413 -0.062211816 -0.013882714
3.87 0.065566215 0.0016793833 -0.061703977 -0.013869414
3.88 0.064951702 0.001540753 -0.061200851 -0.013857177
3.89 0.064342198 0.0014022398 -0.060702399 -0.013846003
3.9 0.063737654 0.0012638329 -0.060208585 -0.01383589
3.91 0.063138026 0.001125522 -0.059719374 -0.013826838
3.92 0.062543267 0.00098729618 -0.059234728 -0.013818848
3.93 0.061953332 0.000849145 -0.058754611 -0.013811918
3.94 0.061368175 0.00071105782 -0.05827899 -0.013806048
3.95 0.060787752 0.00057302404 -0.057807827 -0.013801239
3.96 0.060212018 0.00043503305 -0.057341088 -0.01379749
3.97 0.05964093 0.00029707425 -0.056878739 -0.013794801
3.98 0.059074444 0.00015913703 -0.056420744 -0.013793172
3.99 0.058512515 2.1210806e-05 -0.055967071 -0.013792604
4 0.057955102 -0.00011671504 -0.055517685 -0.013793096
4.01 0.057402162 -0.00025465111 -0.055072553 -0.013794649
4.02 0.056853651 -0.00039260802 -0.054631641 -0.013797263
4.03 0.056309529 -0.00053059638 -0.054194918 -0.01380094
4.04 0.055769753 -0.00066862681 -0.053762349 -0.013805678
4.05 0.055234282 -0.00080670994 -0.053333903 -0.013811479
4.06 0.054703075 -0.00094485639 -0.052909549 -0.013818344
4.07 0.054176091 -0.0010830768 -0.052489253 -0.013826272
4.08 0.05365329 -0.0012213818 -0.052072985 -0.013835266
4.09 0.053134632 -0.0013597821 -0.051660713 -0.013845326
4.1 0.052620076 -0.0014982884 -0.051252407 -0.013856453
4.11 0.052109584 -0.0016369112 -0.050848036 -0.013868648
4.12 0.051603115 -0.0017756613 -0.050447569 -0.013881911
4.13 0.051100632 -0.0019145494 -0.050050977 -0.013896245
4.14 0.050602096 -0.0020535862 -0.04965823 -0.013911651
4.15 0.050107468 -0.0021927825 -0.049269298 -0.01392813
4.16 0.04961671 -0.0023321488 -0.048884152 -0.013945683
4.17 0.049129785 -0.0024716961 -0.048502763 -0.013964311
4.18 0.048646655 -0.0026114351 -0.048125102 -0.013984018
4.19 0.048167283 -0.0027513765 -0.047751141 -0.014004803
4.2 0.047691632 -0.0028915311 -0.047380852 -0.014026669
4.21 0.047219666 -0.0030319099 -0.047014206 -0.014049618
4.22 0.046751348 -0.0031725235 -0.046651177 -0.014073652
4.23 0.046286642 -0.0033133829 -0.046291736 -0.014098772
4.24 0.045825513 -0.0034544989 -0.045935856 -0.014124981
4.25 0.045367925 -0.0035958825 -0.045583511 -0.014152281
4.26 0.044913843 -0.0037375446 -0.045234675 -0.014180673
4.27 0.044463232 -0.003879496 -0.044889319 -0.014210162
4.28 0.044016057 -0.0040217478 -0.044547419 -0.014240748
4.29 0.043572284 -0.004164311 -0.044208949 -0.014272434
4.3 0.043131878 -0.0043071965 -0.043873883 -0.014305223
4.31 0.042694806 -0.0044504154 -0.043542195 -0.014339117
4.32 0.042261034 -0.0045939788 -0.043213861 -0.01437412
4.33 0.041830529 -0.0047378978 -0.042888855 -0.014410233
4.34 0.041403257 -0.0048821835 -0.042567153 -0.014447461
4.35 0.040979186 -0.005026847 -0.042248731 -0.014485805
4.36 0.040558283 -0.0051718996 -0.041933563 -0.014525269
4.37 0.040140515 -0.0053173524 -0.041621627 -0.014565856
4.38 0.03972585 -0.0054632168 -0.041312899 -0.01460757
4.39 0.039314257 -0.0056095038 -0.041007355 -0.014650413
4.4 0.038905703 -0.005756225 -0.040704972 -0.014694388
4.41 0.038500157 -0.0059033916 -0.040405727 -0.014739501
4.42 0.038097589 -0.006051015 -0.040109597 -0.014785753
4.43 0.037697965 -0.0061991067 -0.03981656 -0.014833149
4.44 0.037301257 -0.006347678 -0.039526593 -0.014881692
4.45 0.036907434 -0.0064967405 -0.039239674 -0.014931386
4.46 0.036516464 -0.0066463058 -0.038955782 -0.014982236
4.47 0.036128318 -0.0067963853 -0.038674895 -0.015034244
4.48 0.035742966 -0.0069469907 -0.038396991 -0.015087416
4.49 0.035360378 -0.0070981336 -0.038122049 -0.015141755
4.5 0.034980525 -0.0072498258 -0.037850048 -0.015197266
4.51 0.034603377 -0.0074020789 -0.037580968 -0.015253952
4.52 0.034228906 -0.0075549048 -0.037314788 -0.015311819
4.53 0.033857082 -0.0077083153 -0.037051488 -0.015370871
4.54 0.033487876 -0.0078623223 -0.036791047 -0.015431113
4.55 0.033121261 -0.0080169376 -0.036533445 -0.015492548
4.56 0.032757207 -0.0081721732 -0.036278664 -0.015555183
4.57 0.032395688 -0.0083280413 -0.036026683 -0.015619022
4.58 0.032036674 -0.0084845537 -0.035777483 -0.015684069
4.59 0.031680138 -0.0086417227 -0.035531046 -0.015750331
4.6 0.031326053 -0.0087995603 -0.035287352 -0.015817812
4.61 0.030974391 -0.0089580789 -0.035046383 -0.015886517
4.62 0.030625125 -0.0091172907 -0.03480812 -0.015956452
4.63 0.030278229 -0.009277208 -0.034572545 -0.016027622
4.64 0.029933674 -0.0094378431 -0.03433964 -0.016100033
4.65 0.029591436 -0.0095992086 -0.034109387 -0.016173691
4.66 0.029251487 -0.009761317 -0.033881769 -0.0162486
4.67 0.028913801 -0.0099241807 -0.033656768 -0.016324768
4.68 0.028578351 -0.010087812 -0.033434367 -0.016402199
4.69 0.028245113 -0.010252225 -0.033214548 -0.016480901
4.7 0.02791406 -0.01041743 -0.032997296 -0.016560878
4.71 0.027585167 -0.010583442 -0.032782594 -0.016642138
4.72 0.027258409 -0.010750273 -0.032570424 -0.016724686
4.73 0.026933759 -0.010917936 -0.032360771 -0.016808529
4.74 0.026611193 -0.011086444 -0.032153618 -0.016893674
4.75 0.026290687 -0.011255809 -0.03194895 -0.016980127
4.76 0.025972214 -0.011426046 -0.031746751 -0.017067895
4.77 0.025655752 -0.011597167 -0.031547006 -0.017156984
4.78 0.025341274 -0.011769186 -0.031349699 -0.017247402
4.79 0.025028758 -0.011942115 -0.031154815 -0.017339156
4.8 0.024718178 -0.012115969 -0.030962339 -0.017432252
4.81 0.024409511 -0.012290761 -0.030772256 -0.017526699
4.82 0.024102733 -0.012466503 -0.030584553 -0.017622502
4.83 0.02379782 -0.012643211 -0.030399213 -0.017719671
4.84 0.023494749 -0.012820897 -0.030216223 -0.017818211
4.85 0.023193495 -0.012999575 -0.03003557 -0.017918132
4.86 0.022894037 -0.013179259 -0.029857239 -0.01801944
4.87 0.022596351 -0.013359964 -0.029681216 -0.018122143
4.88 0.022300413 -0.013541702 -0.029507488 -0.018226251
4.89 0.022006201 -0.013724489 -0.029336042 -0.018331769
4.9 0.021713692 -0.013908338 -0.029166864 -0.018438708
4.91 0.021422864 -0.014093263 -0.028999941 -0.018547074
4.92 0.021133693 -0.014279279 -0.028835261 -0.018656877
4.93 0.020846159 -0.0144664 -0.028672811 -0.018768125
4.94 0.020560237 -0.014654642 -0.028512578 -0.018880826
4.95 0.020275907 -0.014844017 -0.028354551 -0.01899499
4.96 0.019993146 -0.015034541 -0.028198716 -0.019110625
4.97 0.019711933 -0.015226229 -0.028045063 -0.01922774
4.98 0.019432245 -0.015419096 -0.027893578 -0.019346344
4.99 0.019154061 -0.015613156 -0.027744251 -0.019466446
5 0.01887736 -0.015808425 -0.02759707 -0.019588056
5.01 0.01860212 -0.016004918 -0.027452024 -0.019711184
5.02 0.01832832 -0.016202649 -0.027309101 -0.019835838
5.03 0.018055938 -0.016401634 -0.027168291 -0.019962028
5.04 0.017784954 -0.016601889 -0.027029583 -0.020089765
5.05 0.017515346 -0.01680343 -0.026892965 -0.020219057
5.06 0.017247094 -0.017006271 -0.026758428 -0.020349915
5.07 0.016980178 -0.017210428 -0.026625961 -0.02048235
5.08 0.016714575 -0.017415918 -0.026495554 -0.020616371
5.09 0.016450267 -0.017622755 -0.026367197 -0.020751989
5.1 0.016187231 -0.017830957 -0.02624088 -0.020889214
5.11 0.015925449 -0.01804054 -0.026116593 -0.021028057
5.12 0.015664899 -0.018251519 -0.025994327 -0.021168528
5.13 0.015405563 -0.01846391 -0.025874073 -0.02131064
5.14 0.015147418 -0.018677731 -0.02575582 -0.021454402
5.15 0.014890446 -0.018892998 -0.02563956 -0.021599825
5.16 0.014634627 -0.019109728 -0.025525284 -0.021746922
5.17 0.01437994 -0.019327937 -0.025412984 -0.021895702
5.18 0.014126367 -0.019547642 -0.02530265 -0.022046179
5.19 0.013873887 -0.01976886 -0.025194274 -0.022198364
5.2 0.013622482 -0.019991609 -0.025087847 -0.022352267
5.21 0.013372131 -0.020215906 -0.024983362 -0.022507902
5.22 0.013122815 -0.020441767 -0.024880811 -0.02266528
5.23 0.012874514 -0.020669211 -0.024780185 -0.022824414
5.24 0.012627211 -0.020898256 -0.024681476 -0.022985315
5.25 0.012380885 -0.021128918 -0.024584678 -0.023147997
5.26 0.012135517 -0.021361216 -0.024489783 -0.023312472
5.27 0.011891089 -0.021595167 -0.024396783 -0.023478752
5.28 0.011647582 -0.021830791 -0.024305671 -0.023646851
5.29 0.011404976 -0.022068104 -0.02421644 -0.023816781
5.3 0.011163253 -0.022307126 -0.024129084 -0.023988556
5.31 0.010922394 -0.022547875 -0.024043595 -0.024162189
5.32 0.010682381 -0.02279037 -0.023959967 -0.024337694
5.33 0.010443195 -0.023034629 -0.023878194 -0.024515083
5.34 0.010204817 -0.023280672 -0.023798269 -0.024694371
5.35 0.0099672295 -0.023528517 -0.023720186 -0.024875572
5.36 0.0097304135 -0.023778183 -0.023643939 -0.025058699
5.37 0.0094943508 -0.024029691 -0.023569522 -0.025243768
5.38 0.0092590231 -0.024283059 -0.023496929 -0.025430791
5.39 0.0090244122 -0.024538307 -0.023426156 -0.025619784
5.4 0.0087905 -0.024795454 -0.023357196 -0.025810762
5.41 0.0085572683 -0.025054522 -0.023290043 -0.026003738
5.42 0.0083246991 -0.025315529 -0.023224694 -0.026198728
5.43 0.0080927744 -0.025578497 -0.023161143 -0.026395748
5.44 0.0078614763 -0.025843444 -0.023099384 -0.026594812
5.45 0.0076307868 -0.026110393 -0.023039414 -0.026795936
5.46 0.007400688 -0.026379363 -0.022981227 -0.026999135
5.47 0.0071711622 -0.026650376 -0.022924819 -0.027204425
5.48 0.0069421916 -0.026923452 -0.022870186 -0.027411823
5.49 0.0067137585 -0.027198612 -0.022817324 -0.027621343
5.5 0.0064858452 -0.027475878 -0.022766228 -0.027833002
5.51 0.006258434 -0.027755272 -0.022716894 -0.028046818
5.52 0.0060315073 -0.028036815 -0.022669319 -0.028262805
5.53 0.0058050476 -0.028320528 -0.022623499 -0.028480982
5.54 0.0055790373 -0.028606435 -0.022579431 -0.028701364
5.55 0.005353459 -0.028894556 -0.02253711 -0.028923969
5.56 0.0051282951 -0.029184914 -0.022496535 -0.029148814
5.57 0.0049035283 -0.029477532 -0.022457701 -0.029375917
5.58 0.0046791411 -0.029772432 -0.022420605 -0.029605295
5.59 0.0044551162 -0.030069638 -0.022385246 -0.029836966
5.6 0.0042314362 -0.030369172 -0.02235162 -0.030070948
5.61 0.0040080838 -0.030671057 -0.022319724 -0.030307259
5.62 0.0037850417 -0.030975317 -0.022289556 -0.030545917
5.63 0.0035622927 -0.031281975 -0.022261114 -0.03078694
5.64 0.0033398195 -0.031591056 -0.022234396 -0.031030348
5.65 0.0031176048 -0.031902582 -0.022209399 -0.03127616
5.66 0.0028956315 -0.032216579 -0.022186122 -0.031524393
5.67 0.0026738824 -0.03253307 -0.022164562 -0.031775068
5.68 0.0024523403 -0.03285208 -0.022144718 -0.032028205
5.69 0.002230988 -0.033173634 -0.022126589 -0.032283821
5.7 0.0020098085 -0.033497757 -0.022110174 -0.032541938
5.71 0.0017887845 -0.033824473 -0.02209547 -0.032802575
5.72 0.0015678991 -0.034153808 -0.022082477 -0.033065753
5.73 0.001347135 -0.034485788 -0.022071194 -0.033331491
5.74 0.0011264752 -0.034820438 -0.022061619 -0.033599811
5.75 0.00090590262 -0.035157785 -0.022053753 -0.033870733
5.76 0.00068540015 -0.035497853 -0.022047595 -0.034144278
5.77 0.00046495073 -0.03584067 -0.022043143 -0.034420468
5.78 0.00024453729 -0.036186262 -0.022040399 -0.034699323
5.79 2.4142763e-05 -0.036534657 -0.022039361 -0.034980866
5.8 -0.00019624992 -0.03688588 -0.022040029 -0.035265118
5.81 -0.00041665782 -0.037239959 -0.022042404 -0.035552101
5.82 -0.000637098 -0.037596922 -0.022046486 -0.035841837
5.83 -0.00085758753 -0.037956796 -0.022052275 -0.036134349
5.84 -0.0010781435 -0.038319609 -0.022059771 -0.03642966
5.85 -0.001298783 -0.038685389 -0.022068976 -0.036727792
5.86 -0.001519523 -0.039054165 -0.022079889 -0.037028768
5.87 -0.0017403807 -0.039425965 -0.022092512 -0.037332612
5.88 -0.0019613733 -0.039800817 -0.022106846 -0.037639347
5.89 -0.0021825177 -0.040178752 -0.022122891 -0.037948997
5.9 -0.0024038311 -0.040559797 -0.02214065 -0.038261587
5.91 -0.0026253307 -0.040943983 -0.022160123 -0.038577139
5.92 -0.0028470335 -0.04133134 -0.022181312 -0.038895679
5.93 -0.0030689569 -0.041721897 -0.022204218 -0.039217231
5.94 -0.0032911179 -0.042115685 -0.022228844 -0.039541821
5.95 -0.0035135338 -0.042512733 -0.022255191 -0.039869472
5.96 -0.0037362217 -0.042913074 -0.022283261 -0.040200212
5.97 -0.003959199 -0.043316738 -0.022313057 -0.040534064
5.98 -0.0041824829 -0.043723755 -0.022344581 -0.040871056
5.99 -0.0044060906 -0.044134159 -0.022377835 -0.041211213
6 -0.0046300396 -0.04454798 -0.022412822 -0.041554562
6.01 -0.0048543471 -0.04496525 -0.022449544 -0.041901128
6.02 -0.0050790305 -0.045386002 -0.022488005 -0.04225094
6.03 -0.0053041072 -0.045810269 -0.022528207 -0.042604024
6.04 -0.0055295946 -0.046238083 -0.022570153 -0.042960407
6.05 -0.0057555102 -0.046669477 -0.022613847 -0.043320117
6.06 -0.0059818716 -0.047104485 -0.022659293 -0.043683182
6.07 -0.0062086961 -0.047543141 -0.022706493 -0.04404963
6.08 -0.0064360014 -0.047985478 -0.022755451 -0.04441949
6.09 -0.0066638051 -0.048431531 -0.022806171 -0.044792789
6.1 -0.0068921249 -0.048881334 -0.022858658 -0.045169557
6.11 -0.0071209783 -0.049334922 -0.022912914 -0.045549824
6.12 -0.0073503832 -0.04979233 -0.022968945 -0.045933618
6.13 -0.0075803572 -0.050253595 -0.023026754 -0.046320969
6.14 -0.0078109182 -0.05071875 -0.023086347 -0.046711907
6.15 -0.0080420841 -0.051187833 -0.023147727 -0.047106463
6.16 -0.0082738728 -0.051660879 -0.0232109 -0.047504667
6.17 -0.0085063021 -0.052137926 -0.02327587 -0.04790655
6.18 -0.0087393902 -0.05261901 -0.023342642 -0.048312142
6.19 -0.008973155 -0.053104169 -0.023411222 -0.048721476
6.2 -0.0092076147 -0.05359344 -0.023481615 -0.049134584
6.21 -0.0094427873 -0.054086861 -0.023553827 -0.049551496
6.22 -0.0096786912 -0.05458447 -0.023627862 -0.049972246
6.23 -0.0099153446 -0.055086306 -0.023703727 -0.050396866
6.24 -0.010152766 -0.055592407 -0.023781427 -0.050825388
6.25 -0.010390973 -0.056102814 -0.023860969 -0.051257847
6.26 -0.010629985 -0.056617564 -0.023942359 -0.051694275
6.27 -0.01086982 -0.057136699 -0.024025603 -0.052134706
6.28 -0.011110497 -0.057660259 -0.024110707 -0.052579175
6.29 -0.011352034 -0.058188283 -0.024197679 -0.053027716
6.3 -0.011594451 -0.058720813 -0.024286524 -0.053480363
6.31 -0.011837765 -0.05925789 -0.02437725 -0.053937152
6.32 -0.012081996 -0.059799556 -0.024469864 -0.054398118
6.33 -0.012327162 -0.060345853 -0.024564372 -0.054863296
6.34 -0.012573283 -0.060896822 -0.024660783 -0.055332723
6.35 -0.012820378 -0.061452507 -0.024759103 -0.055806436
6.36 -0.013068465 -0.062012951 -0.024859341 -0.05628447
6.37 -0.013317565 -0.062578197 -0.024961504 -0.056766862
6.38 -0.013567695 -0.063148288 -0.0250656 -0.057253651
6.39 -0.013818877 -0.06372327 -0.025171636 -0.057744874
6.4 -0.014071128 -0.064303186 -0.025279623 -0.058240568
6.41 -0.014324469 -0.064888081 -0.025389566 -0.058740773
6.42 -0.01457892 -0.065478001 -0.025501476 -0.059245527
6.43 -0.014834499 -0.066072992 -0.025615361 -0.059754868
6.44 -0.015091227 -0.066673099 -0.025731229 -0.060268837
6.45 -0.015349123 -0.067278369 -0.02584909 -0.060787474
6.46 -0.015608209 -0.067888848 -0.025968952 -0.061310818
6.47 -0.015868502 -0.068504585 -0.026090826 -0.061838909
6.48 -0.016130025 -0.069125627 -0.026214719 -0.06237179
6.49 -0.016392797 -0.069752021 -0.026340643 -0.062909501
6.5 -0.016656838 -0.070383817 -0.026468607 -0.063452083
6.51 -0.016922169 -0.071021063 -0.026598621 -0.06399958
6.52 -0.01718881 -0.071663809 -0.026730694 -0.064552032
6.53 -0.017456783 -0.072312104 -0.026864837 -0.065109484
6.54 -0.017726107 -0.072965998 -0.02700106 -0.065671977
6.55 -0.017996804 -0.073625543 -0.027139375 -0.066239557
6.56 -0.018268895 -0.07429079 -0.027279791 -0.066812265
6.57 -0.0185424 -0.074961789 -0.02742232 -0.067390148
6.58 -0.018817341 -0.075638593 -0.027566972 -0.06797325
6.59 -0.01909374 -0.076321254 -0.027713759 -0.068561615
6.6 -0.019371616 -0.077009825 -0.027862692 -0.06915529
6.61 -0.019650993 -0.07770436 -0.028013782 -0.06975432
6.62 -0.019931892 -0.078404912 -0.028167043 -0.070358753
6.63 -0.020214334 -0.079111535 -0.028322484 -0.070968633
6.64 -0.020498342 -0.079824284 -0.028480118 -0.07158401
6.65 -0.020783937 -0.080543215 -0.028639958 -0.07220493
6.66 -0.021071141 -0.081268383 -0.028802016 -0.072831441
6.67 -0.021359977 -0.081999844 -0.028966304 -0.073463593
6.68 -0.021650467 -0.082737655 -0.029132836 -0.074101434
6.69 -0.021942634 -0.083481873 -0.029301623 -0.074745013
6.7 -0.0222365 -0.084232555 -0.029472679 -0.07539438
6.71 -0.022532087 -0.084989761 -0.029646018 -0.076049586
6.72 -0.02282942 -0.085753547 -0.029821653 -0.076710681
6.73 -0.02312852 -0.086523974 -0.029999597 -0.077377717
6.74 -0.023429412 -0.087301102 -0.030179864 -0.078050744
6.75 -0.023732118 -0.088084989 -0.030362468 -0.078729816
6.76 -0.024036661 -0.088875698 -0.030547423 -0.079414985
6.77 -0.024343066 -0.089673289 -0.030734744 -0.080106304
6.78 -0.024651356 -0.090477824 -0.030924445 -0.080803826
6.79 -0.024961555 -0.091289366 -0.031116541 -0.081507606
6.8 -0.025273687 -0.092107977 -0.031311046 -0.082217697
6.81 -0.025587776 -0.09293372 -0.031507976 -0.082934155
6.82 -0.025903847 -0.09376666 -0.031707346 -0.083657036
6.83 -0.026221923 -0.094606861 -0.031909171 -0.084386395
6.84 -0.02654203 -0.095454388 -0.032113468 -0.08512229
6.85 -0.026864193 -0.096309307 -0.032320251 -0.085864775
6.86 -0.027188435 -0.097171684 -0.032529537 -0.086613911
6.87 -0.027514783 -0.098041585 -0.032741342 -0.087369753
6.88 -0.027843262 -0.098919079 -0.032955682 -0.088132362
6.89 -0.028173897 -0.099804233 -0.033172575 -0.088901795
6.9 -0.028506714 -0.10069711 -0.033392036 -0.089678113
6.91 -0.028841738 -0.10159779 -0.033614084 -0.090461375
6.92 -0.029178995 -0.10250634 -0.033838734 -0.091251643
6.93 -0.029518512 -0.10342283 -0.034066005 -0.092048978
6.94 -0.029860315 -0.10434732 -0.034295914 -0.09285344
6.95 -0.030204431 -0.1052799 -0.034528478 -0.093665093
6.96 -0.030550885 -0.10622062 -0.034763717 -0.094484
6.97 -0.030899705 -0.10716958 -0.035001647 -0.095310223
6.98 -0.031250918 -0.10812683 -0.035242288 -0.096143827
6.99 -0.031604551 -0.10909245 -0.035485658 -0.096984876
7 -0.031960631 -0.11006653 -0.035731776 -0.097833436
