-5 0.16464931 -0.070682136 0.084842613 -0.060205098
-4.9897143 0.16552366 -0.07130211 0.085170923 -0.060346012
-4.9794286 0.1664014 -0.07192354 0.085500966 -0.06048815
-4.9691429 0.16728254 -0.072546438 0.085832749 -0.060631514
-4.9588571 0.1681671 -0.073170817 0.086166279 -0.060776106
-4.9485714 0.1690551 -0.073796689 0.086501562 -0.060921929
-4.9382857 0.16994656 -0.074424068 0.086838605 -0.061068986
-4.928 0.1708415 -0.075052965 0.087177414 -0.061217279
-4.9177143 0.17173992 -0.075683395 0.087517997 -0.061366812
-4.9074286 0.17264187 -0.076315368 0.087860358 -0.061517586
-4.8971429 0.17354734 -0.076948899 0.088204506 -0.061669604
-4.8868571 0.17445636 -0.077584 0.088550447 -0.06182287
-4.8765714 0.17536895 -0.078220684 0.088898188 -0.061977385
-4.8662857 0.17628512 -0.078858963 0.089247735 -0.062133153
-4.856 0.1772049 -0.079498852 0.089599095 -0.062290176
-4.8457143 0.1781283 -0.080140361 0.089952276 -0.062448457
-4.8354286 0.17905535 -0.080783506 0.090307284 -0.062607998
-4.8251429 0.17998605 -0.081428297 0.090664125 -0.062768804
-4.8148571 0.18092044 -0.08207475 0.091022807 -0.062930875
-4.8045714 0.18185852 -0.082722875 0.091383337 -0.063094216
-4.7942857 0.18280032 -0.083372688 0.091745722 -0.063258829
-4.784 0.18374586 -0.0840242 0.092109968 -0.063424716
-4.7737143 0.18469516 -0.084677425 0.092476082 -0.063591881
-4.7634286 0.18564823 -0.085332376 0.092844073 -0.063760327
-4.7531429 0.18660509 -0.085989066 0.093213946 -0.063930056
-4.7428571 0.18756577 -0.086647508 0.093585709 -0.064101071
-4.7325714 0.18853028 -0.087307716 0.093959369 -0.064273375
-4.7222857 0.18949865 -0.087969703 0.094334934 -0.064446971
-4.712 0.19047089 -0.088633483 0.094712409 -0.064621862
-4.7017143 0.19144702 -0.089299067 0.095091803 -0.064798051
-4.6914286 0.19242706 -0.089966471 0.095473123 -0.064975541
-4.6811429 0.19341104 -0.090635707 0.095856376 -0.065154334
-4.6708571 0.19439897 -0.091306789 0.096241569 -0.065334434
-4.6605714 0.19539086 -0.09197973 0.09662871 -0.065515844
-4.6502857 0.19638676 -0.092654543 0.097017805 -0.065698566
-4.64 0.19738666 -0.093331243 0.097408863 -0.065882603
-4.6297143 0.1983906 -0.094009843 0.09780189 -0.066067959
-4.6194286 0.19939858 -0.094690356 0.098196895 -0.066254637
-4.6091429 0.20041065 -0.095372795 0.098593884 -0.066442639
-4.5988571 0.2014268 -0.096057176 0.098992865 -0.066631968
-4.5885714 0.20244707 -0.09674351 0.099393845 -0.066822628
-4.5782857 0.20347147 -0.097431812 0.099796832 -0.067014621
-4.568 0.20450003 -0.098122097 0.10020183 -0.067207951
-4.5577143 0.20553277 -0.098814376 0.10060886 -0.06740262
-4.5474286 0.2065697 -0.099508665 0.10101791 -0.067598631
-4.5371429 0.20761085 -0.10020498 0.101429 -0.067795988
-4.5268571 0.20865624 -0.10090333 0.10184214 -0.067994694
-4.5165714 0.20970589 -0.10160372 0.10225732 -0.06819475
-4.5062857 0.21075982 -0.10230619 0.10267457 -0.068396162
-4.496 0.21181805 -0.10301073 0.10309389 -0.06859893
-4.4857143 0.21288061 -0.10371737 0.10351528 -0.06880306
-4.4754286 0.21394751 -0.10442611 0.10393875 -0.069008553
-4.4651429 0.21501878 -0.10513697 0.10436431 -0.069215412
-4.4548571 0.21609443 -0.10584997 0.10479198 -0.069423641
-4.4445714 0.2171745 -0.10656511 0.10522174 -0.069633242
-4.4342857 0.21825899 -0.10728242 0.10565363 -0.069844219
-4.424 0.21934794 -0.10800191 0.10608763 -0.070056574
-4.4137143 0.22044137 -0.10872359 0.10652377 -0.070270311
-4.4034286 0.22153929 -0.10944747 0.10696204 -0.070485433
-4.3931429 0.22264173 -0.11017357 0.10740246 -0.070701941
-4.3828571 0.22374871 -0.11090191 0.10784503 -0.070919841
-4.3725714 0.22486026 -0.1116325 0.10828976 -0.071139133
-4.3622857 0.22597639 -0.11236534 0.10873666 -0.071359822
-4.352 0.22709713 -0.11310047 0.10918574 -0.07158191
-4.3417143 0.22822249 -0.11383789 0.109637 -0.0718054
-4.3314286 0.22935252 -0.11457761 0.11009046 -0.072030295
-4.3211429 0.23048721 -0.11531965 0.11054612 -0.072256598
-4.3108571 0.23162661 -0.11606403 0.11100398 -0.072484312
-4.3005714 0.23277072 -0.11681076 0.11146407 -0.07271344
-4.2902857 0.23391958 -0.11755985 0.11192637 -0.072943984
-4.28 0.23507321 -0.11831132 0.11239091 -0.073175947
-4.2697143 0.23623162 -0.11906518 0.11285769 -0.073409333
-4.2594286 0.23739485 -0.11982146 0.11332672 -0.073644143
-4.2491429 0.23856292 -0.12058015 0.11379801 -0.073880381
-4.2388571 0.23973584 -0.12134128 0.11427156 -0.074118049
-4.2285714 0.24091365 -0.12210486 0.11474738 -0.074357151
-4.2182857 0.24209636 -0.12287091 0.11522549 -0.074597688
-4.208 0.243284 -0.12363944 0.11570588 -0.074839663
-4.1977143 0.24447659 -0.12441047 0.11618857 -0.07508308
-4.1874286 0.24567416 -0.12518401 0.11667356 -0.07532794
-4.1771429 0.24687673 -0.12596008 0.11716087 -0.075574246
-4.1668571 0.24808433 -0.12673868 0.1176505 -0.075822001
-4.1565714 0.24929697 -0.12751984 0.11814246 -0.076071207
-4.1462857 0.25051469 -0.12830357 0.11863675 -0.076321867
-4.136 0.2517375 -0.12908989 0.11913339 -0.076573983
-4.1257143 0.25296543 -0.12987881 0.11963238 -0.076827557
-4.1154286 0.25419851 -0.13067034 0.12013374 -0.077082592
-4.1051429 0.25543676 -0.13146451 0.12063746 -0.07733909
-4.0948571 0.2566802 -0.13226132 0.12114356 -0.077597054
-4.0845714 0.25792885 -0.13306079 0.12165204 -0.077856484
-4.0742857 0.25918275 -0.13386294 0.12216292 -0.078117385
-4.064 0.26044192 -0.13466778 0.1226762 -0.078379757
-4.0537143 0.26170638 -0.13547532 0.12319189 -0.078643603
-4.0434286 0.26297615 -0.13628559 0.12370999 -0.078908925
-4.0331429 0.26425127 -0.13709859 0.12423052 -0.079175724
-4.0228571 0.26553175 -0.13791435 0.12475348 -0.079444003
-4.0125714 0.26681762 -0.13873287 0.12527888 -0.079713763
-4.0022857 0.26810892 -0.13955417 0.12580673 -0.079985007
-3.992 0.26940565 -0.14037827 0.12633704 -0.080257735
-3.9817143 0.27070785 -0.14120519 0.12686981 -0.080531949
-3.9714286 0.27201554 -0.14203493 0.12740506 -0.080807652
-3.9611429 0.27332875 -0.14286752 0.12794278 -0.081084843
-3.9508571 0.27464751 -0.14370296 0.12848299 -0.081363526
-3.9405714 0.27597183 -0.14454128 0.12902569 -0.081643701
-3.9302857 0.27730175 -0.14538249 0.1295709 -0.081925368
-3.92 0.27863729 -0.1462266 0.13011862 -0.082208531
-3.9097143 0.27997848 -0.14707364 0.13066885 -0.082493188
-3.8994286 0.28132534 -0.14792361 0.13122161 -0.082779342
-3.8891429 0.28267789 -0.14877653 0.1317769 -0.083066994
-3.8788571 0.28403617 -0.14963241 0.13233474 -0.083356143
-3.8685714 0.28540021 -0.15049128 0.13289512 -0.083646791
-3.8582857 0.28677002 -0.15135315 0.13345805 -0.083938938
-3.848 0.28814563 -0.15221803 0.13402355 -0.084232585
-3.8377143 0.28952707 -0.15308593 0.13459162 -0.084527732
-3.8274286 0.29091437 -0.15395688 0.13516226 -0.08482438
-3.8171429 0.29230755 -0.15483089 0.13573549 -0.085122527
-3.8068571 0.29370665 -0.15570797 0.13631131 -0.085422175
-3.7965714 0.29511167 -0.15658815 0.13688973 -0.085723323
-3.7862857 0.29652266 -0.15747143 0.13747075 -0.086025971
-3.776 0.29793964 -0.15835782 0.13805438 -0.086330119
-3.7657143 0.29936264 -0.15924736 0.13864064 -0.086635766
-3.7554286 0.30079168 -0.16014005 0.13922951 -0.08694291
-3.7451429 0.30222679 -0.1610359 0.13982102 -0.087251553
-3.7348571 0.303668 -0.16193493 0.14041517 -0.087561692
-3.7245714 0.30511533 -0.16283717 0.14101196 -0.087873326
-3.7142857 0.30656881 -0.16374261 0.14161141 -0.088186454
-3.704 0.30802848 -0.16465129 0.14221351 -0.088501075
-3.6937143 0.30949435 -0.16556321 0.14281827 -0.088817186
-3.6834286 0.31096645 -0.16647839 0.14342571 -0.089134787
-3.6731429 0.31244482 -0.16739684 0.14403582 -0.089453875
-3.6628571 0.31392948 -0.16831858 0.14464861 -0.089774447
-3.6525714 0.31542045 -0.16924363 0.14526409 -0.090096503
-3.6422857 0.31691777 -0.17017199 0.14588226 -0.090420038
-3.632 0.31842146 -0.1711037 0.14650313 -0.09074505
-3.6217143 0.31993155 -0.17203875 0.14712671 -0.091071537
-3.6114286 0.32144806 -0.17297717 0.14775299 -0.091399494
-3.6011429 0.32297104 -0.17391897 0.14838199 -0.09172892
-3.5908571 0.32450049 -0.17486416 0.1490137 -0.092059809
-3.5805714 0.32603646 -0.17581277 0.14964815 -0.092392158
-3.5702857 0.32757897 -0.1767648 0.15028532 -0.092725963
-3.56 0.32912804 -0.17772027 0.15092522 -0.093061219
-3.5497143 0.33068372 -0.1786792 0.15156786 -0.093397923
-3.5394286 0.33224601 -0.1796416 0.15221324 -0.093736068
-3.5291429 0.33381496 -0.18060749 0.15286137 -0.09407565
-3.5188571 0.33539059 -0.18157687 0.15351225 -0.094416664
-3.5085714 0.33697293 -0.18254977 0.15416588 -0.094759103
-3.4982857 0.338562 -0.1835262 0.15482227 -0.095102962
-3.488 0.34015784 -0.18450618 0.15548142 -0.095448234
-3.4777143 0.34176048 -0.18548971 0.15614334 -0.095794913
-3.4674286 0.34336993 -0.18647682 0.15680802 -0.096142991
-3.4571429 0.34498624 -0.18746751 0.15747546 -0.096492462
-3.4468571 0.34660943 -0.1884618 0.15814568 -0.096843317
-3.4365714 0.34823952 -0.18945971 0.15881868 -0.097195549
-3.4262857 0.34987655 -0.19046125 0.15949445 -0.09754915
-3.416 0.35152055 -0.19146644 0.160173 -0.09790411
-3.4057143 0.35317154 -0.19247528 0.16085432 -0.098260421
-3.3954286 0.35482955 -0.1934878 0.16153843 -0.098618073
-3.3851429 0.35649462 -0.194504 0.16222532 -0.098977057
-3.3748571 0.35816676 -0.1955239 0.16291499 -0.099337361
-3.3645714 0.35984601 -0.19654751 0.16360745 -0.099698976
-3.3542857 0.3615324 -0.19757485 0.16430268 -0.10006189
-3.344 0.36322595 -0.19860592 0.1650007 -0.10042609
-3.3337143 0.3649267 -0.19964076 0.16570151 -0.10079157
-3.3234286 0.36663467 -0.20067935 0.16640509 -0.10115831
-3.3131429 0.36834989 -0.20172173 0.16711146 -0.1015263
-3.3028571 0.37007239 -0.20276789 0.1678206 -0.10189553
-3.2925714 0.3718022 -0.20381786 0.16853252 -0.10226598
-3.2822857 0.37353935 -0.20487165 0.16924722 -0.10263764
-3.272 0.37528386 -0.20592927 0.16996469 -0.10301049
-3.2617143 0.37703576 -0.20699072 0.17068494 -0.10338452
-3.2514286 0.37879509 -0.20805603 0.17140795 -0.10375971
-3.2411429 0.38056187 -0.20912521 0.17213372 -0.10413605
-3.2308571 0.38233613 -0.21019826 0.17286225 -0.10451351
-3.2205714 0.38411789 -0.2112752 0.17359354 -0.10489208
-3.2102857 0.38590719 -0.21235604 0.17432758 -0.10527175
-3.2 0.38770406 -0.21344079 0.17506436 -0.10565248
-3.1897143 0.38950852 -0.21452946 0.17580389 -0.10603427
-3.1794286 0.3913206 -0.21562207 0.17654614 -0.10641709
-3.1691429 0.39314033 -0.21671861 0.17729113 -0.10680092
-3.1588571 0.39496773 -0.21781911 0.17803883 -0.10718574
-3.1485714 0.39680284 -0.21892358 0.17878925 -0.10757153
-3.1382857 0.39864568 -0.22003201 0.17954237 -0.10795825
-3.128 0.40049628 -0.22114443 0.18029819 -0.1083459
-3.1177143 0.40235467 -0.22226084 0.18105669 -0.10873444
-3.1074286 0.40422088 -0.22338126 0.18181787 -0.10912384
-3.0971429 0.40609492 -0.22450568 0.18258172 -0.10951409
-3.0868571 0.40797684 -0.22563412 0.18334822 -0.10990515
-3.0765714 0.40986666 -0.22676658 0.18411736 -0.110297
-3.0662857 0.4117644 -0.22790308 0.18488914 -0.1106896
-3.056 0.41367009 -0.22904363 0.18566353 -0.11108293
-3.0457143 0.41558376 -0.23018822 0.18644053 -0.11147696
-3.0354286 0.41750544 -0.23133687 0.18722013 -0.11187164
-3.0251429 0.41943515 -0.23248958 0.18800229 -0.11226696
-3.0148571 0.42137292 -0.23364636 0.18878702 -0.11266287
-3.0045714 0.42331877 -0.23480721 0.1895743 -0.11305935
-2.9942857 0.42527273 -0.23597215 0.1903641 -0.11345634
-2.984 0.42723483 -0.23714117 0.19115641 -0.11385383
-2.9737143 0.42920509 -0.23831429 0.19195121 -0.11425177
-2.9634286 0.43118354 -0.2394915 0.19274849 -0.11465011
-2.9531429 0.4331702 -0.2406728 0.19354821 -0.11504882
-2.9428571 0.4351651 -0.24185821 0.19435037 -0.11544787
-2.9325714 0.43716827 -0.24304773 0.19515493 -0.11584719
-2.9222857 0.43917972 -0.24424136 0.19596188 -0.11624675
-2.912 0.44119948 -0.24543909 0.1967712 -0.11664651
-2.9017143 0.44322758 -0.24664094 0.19758285 -0.11704642
-2.8914286 0.44526405 -0.24784691 0.19839681 -0.11744642
-2.8811429 0.44730889 -0.24905698 0.19921306 -0.11784647
-2.8708571 0.44936214 -0.25027118 0.20003157 -0.11824652
-2.8605714 0.45142383 -0.25148948 0.2008523 -0.11864651
-2.8502857 0.45349396 -0.2527119 0.20167523 -0.1190464
-2.84 0.45557257 -0.25393844 0.20250033 -0.11944611
-2.8297143 0.45765968 -0.25516908 0.20332757 -0.11984561
-2.8194286 0.45975531 -0.25640383 0.20415691 -0.12024482
-2.8091429 0.46185948 -0.25764269 0.20498832 -0.12064369
-2.7988571 0.46397221 -0.25888565 0.20582176 -0.12104216
-2.7885714 0.46609353 -0.2601327 0.2066572 -0.12144015
-2.7782857 0.46822345 -0.26138384 0.2074946 -0.12183761
-2.768 0.47036199 -0.26263907 0.20833391 -0.12223447
-2.7577143 0.47250917 -0.26389838 0.20917511 -0.12263065
-2.7474286 0.47466502 -0.26516176 0.21001814 -0.1230261
-2.7371429 0.47682955 -0.2664292 0.21086296 -0.12342072
-2.7268571 0.47900277 -0.2677007 0.21170953 -0.12381445
-2.7165714 0.48118472 -0.26897624 0.2125578 -0.12420721
-2.7062857 0.48337539 -0.27025582 0.21340772 -0.12459891
-2.696 0.48557482 -0.27153942 0.21425925 -0.12498949
-2.6857143 0.48778301 -0.27282703 0.21511233 -0.12537884
-2.6754286 0.48999999 -0.27411864 0.21596691 -0.1257669
-2.6651429 0.49222576 -0.27541424 0.21682294 -0.12615356
-2.6548571 0.49446034 -0.2767138 0.21768035 -0.12653874
-2.6445714 0.49670375 -0.27801732 0.2185391 -0.12692234
-2.6342857 0.498956 -0.27932478 0.21939912 -0.12730427
-2.624 0.50121711 -0.28063615 0.22026035 -0.12768442
-2.6137143 0.50348707 -0.28195143 0.22112273 -0.12806271
-2.6034286 0.50576592 -0.28327058 0.22198619 -0.12843901
-2.5931429 0.50805365 -0.2845936 0.22285067 -0.12881323
-2.5828571 0.51035027 -0.28592046 0.22371609 -0.12918526
-2.5725714 0.51265581 -0.28725113 0.22458238 -0.12955498
-2.5622857 0.51497025 -0.28858559 0.22544948 -0.12992228
-2.552 0.51729363 -0.28992381 0.2263173 -0.13028703
-2.5417143 0.51962593 -0.29126578 0.22718578 -0.13064913
-2.5314286 0.52196716 -0.29261145 0.22805481 -0.13100844
-2.5211429 0.52431734 -0.29396081 0.22892434 -0.13136484
-2.5108571 0.52667646 -0.29531381 0.22979427 -0.13171819
-2.5005714 0.52904453 -0.29667044 0.23066451 -0.13206835
-2.4902857 0.53142156 -0.29803065 0.23153497 -0.13241521
-2.48 0.53380754 -0.29939441 0.23240557 -0.1327586
-2.4697143 0.53620248 -0.30076168 0.23327621 -0.13309838
-2.4594286 0.53860636 -0.30213243 0.23414679 -0.13343441
-2.4491429 0.54101921 -0.30350662 0.2350172 -0.13376653
-2.4388571 0.543441 -0.3048842 0.23588736 -0.13409459
-2.4285714 0.54587175 -0.30626514 0.23675715 -0.13441843
-2.4182857 0.54831144 -0.30764938 0.23762646 -0.13473787
-2.408 0.55076006 -0.30903689 0.23849519 -0.13505276
-2.3977143 0.55321762 -0.31042761 0.23936321 -0.13536291
-2.3874286 0.55568411 -0.3118215 0.24023042 -0.13566816
-2.3771429 0.55815951 -0.3132185 0.24109668 -0.13596831
-2.3668571 0.56064381 -0.31461856 0.24196188 -0.13626319
-2.3565714 0.56313701 -0.31602163 0.24282589 -0.1365526
-2.3462857 0.56563909 -0.31742764 0.24368858 -0.13683635
-2.336 0.56815003 -0.31883654 0.24454981 -0.13711423
-2.3257143 0.57066983 -0.32024828 0.24540945 -0.13738604
-2.3154286 0.57319845 -0.32166277 0.24626736 -0.13765157
-2.3051429 0.5757359 -0.32307997 0.24712339 -0.1379106
-2.2948571 0.57828214 -0.32449979 0.24797739 -0.13816292
-2.2845714 0.58083715 -0.32592217 0.24882922 -0.1384083
-2.2742857 0.58340091 -0.32734705 0.2496787 -0.13864649
-2.264 0.58597339 -0.32877433 0.2505257 -0.13887728
-2.2537143 0.58855458 -0.33020395 0.25137003 -0.13910041
-2.2434286 0.59114443 -0.33163582 0.25221154 -0.13931563
-2.2331429 0.59374293 -0.33306987 0.25305005 -0.1395227
-2.2228571 0.59635004 -0.33450601 0.25388538 -0.13972134
-2.2125714 0.59896572 -0.33594414 0.25471735 -0.1399113
-2.2022857 0.60158994 -0.33738418 0.25554578 -0.14009229
-2.192 0.60422266 -0.33882604 0.25637048 -0.14026404
-2.1817143 0.60686384 -0.34026961 0.25719125 -0.14042626
-2.1714286 0.60951345 -0.34171481 0.2580079 -0.14057866
-2.1611429 0.61217143 -0.34316152 0.25882021 -0.14072094
-2.1508571 0.61483775 -0.34460964 0.25962798 -0.14085279
-2.1405714 0.61751235 -0.34605906 0.260431 -0.14097389
-2.1302857 0.62019519 -0.34750967 0.26122904 -0.14108393
-2.12 0.62288621 -0.34896136 0.26202189 -0.14118257
-2.1097143 0.62558535 -0.350414 0.26280931 -0.14126948
-2.0994286 0.62829257 -0.35186747 0.26359106 -0.14134431
-2.0891429 0.6310078 -0.35332165 0.26436692 -0.14140672
-2.0788571 0.63373097 -0.35477641 0.26513662 -0.14145633
-2.0685714 0.63646204 -0.35623161 0.26589992 -0.14149279
-2.0582857 0.63920092 -0.35768712 0.26665657 -0.14151572
-2.048 0.64194754 -0.35914279 0.26740629 -0.14152472
-2.0377143 0.64470185 -0.36059849 0.26814882 -0.14151942
-2.0274286 0.64746375 -0.36205405 0.26888389 -0.14149939
-2.0171429 0.65023317 -0.36350933 0.26961121 -0.14146424
-2.0068571 0.65301004 -0.36496417 0.27033049 -0.14141355
-1.9965714 0.65579426 -0.36641841 0.27104145 -0.14134687
-1.9862857 0.65858575 -0.36787188 0.27174377 -0.14126378
-1.976 0.66138441 -0.36932441 0.27243716 -0.14116383
-1.9657143 0.66419017 -0.37077582 0.27312131 -0.14104655
-1.9554286 0.66700291 -0.37222594 0.27379588 -0.14091148
-1.9451429 0.66982254 -0.37367457 0.27446055 -0.14075814
-1.9348571 0.67264895 -0.37512153 0.275115 -0.14058605
-1.9245714 0.67548205 -0.37656663 0.27575887 -0.14039469
-1.9142857 0.67832171 -0.37800965 0.27639183 -0.14018357
-1.904 0.68116782 -0.3794504 0.27701351 -0.13995217
-1.8937143 0.68402027 -0.38088867 0.27762355 -0.13969995
-1.8834286 0.68687894 -0.38232423 0.27822159 -0.13942637
-1.8731429 0.68974369 -0.38375687 0.27880725 -0.13913087
-1.8628571 0.6926144 -0.38518635 0.27938014 -0.13881291
-1.8525714 0.69549094 -0.38661245 0.27993986 -0.13847189
-1.8422857 0.69837316 -0.38803491 0.28048603 -0.13810723
-1.832 0.70126093 -0.38945351 0.28101823 -0.13771834
-1.8217143 0.70415411 -0.39086798 0.28153605 -0.1373046
-1.8114286 0.70705253 -0.39227806 0.28203906 -0.13686539
-1.8011429 0.70995605 -0.39368349 0.28252684 -0.13640007
-1.7908571 0.71286451 -0.39508401 0.28299894 -0.135908
-1.7805714 0.71577775 -0.39647932 0.28345491 -0.13538851
-1.7702857 0.71869559 -0.39786914 0.28389431 -0.13484094
-1.76 0.72161786 -0.39925319 0.28431666 -0.1342646
-1.7497143 0.72454439 -0.40063115 0.2847215 -0.13365879
-1.7394286 0.72747499 -0.40200274 0.28510834 -0.1330228
-1.7291429 0.73040947 -0.40336762 0.2854767 -0.1323559
-1.7188571 0.73334765 -0.40472549 0.28582609 -0.13165736
-1.7085714 0.73628932 -0.406076 0.28615598 -0.13092643
-1.6982857 0.73923429 -0.40741883 0.28646588 -0.13016233
-1.688 0.74218234 -0.40875363 0.28675526 -0.1293643
-1.6777143 0.74513325 -0.41008004 0.28702359 -0.12853155
-1.6674286 0.74808682 -0.41139771 0.28727034 -0.12766326
-1.6571429 0.75104281 -0.41270626 0.28749495 -0.12675862
-1.6468571 0.754001 -0.41400531 0.28769687 -0.12581679
-1.6365714 0.75696115 -0.41529449 0.28787554 -0.12483693
-1.6262857 0.75992301 -0.41657339 0.28803038 -0.12381817
-1.616 0.76288635 -0.4178416 0.28816082 -0.12275964
-1.6057143 0.76585089 -0.41909873 0.28826628 -0.12166046
-1.5954286 0.7688164 -0.42034433 0.28834614 -0.12051972
-1.5851429 0.77178259 -0.42157799 0.28839982 -0.11933649
-1.5748571 0.77474919 -0.42279926 0.28842669 -0.11810986
-1.5645714 0.77771593 -0.42400768 0.28842615 -0.11683886
-1.5542857 0.78068253 -0.4252028 0.28839756 -0.11552256
-1.544 0.78364868 -0.42638414 0.28834029 -0.11415996
-1.5337143 0.7866141 -0.42755123 0.2882537 -0.11275008
-1.5234286 0.78957847 -0.42870357 0.28813714 -0.11129193
-1.5131429 0.79254149 -0.42984067 0.28798996 -0.10978448
-1.5028571 0.79550284 -0.430962 0.28781149 -0.10822671
-1.4925714 0.79846219 -0.43206704 0.28760107 -0.10661758
-1.4822857 0.8014192 -0.43315527 0.28735802 -0.10495602
-1.472 0.80437355 -0.43422614 0.28708167 -0.10324098
-1.4617143 0.80732488 -0.43527909 0.28677132 -0.10147136
-1.4514286 0.81027285 -0.43631355 0.28642629 -0.099646076
-1.4411429 0.81321708 -0.43732895 0.28604588 -0.097764018
-1.4308571 0.81615722 -0.4383247 0.2856294 -0.095824067
-1.4205714 0.81909289 -0.43930019 0.28517613 -0.093825091
-1.4102857 0.8220237 -0.44025481 0.28468537 -0.091765947
-1.4 0.82494927 -0.44118794 0.28415641 -0.089645479
-1.3897143 0.8278692 -0.44209895 0.28358853 -0.087462522
-1.3794286 0.83078309 -0.44298717 0.28298103 -0.0852159
-1.3691429 0.83369053 -0.44385196 0.28233317 -0.082904425
-1.3588571 0.83659109 -0.44469264 0.28164424 -0.080526902
-1.3485714 0.83948435 -0.44550851 0.28091352 -0.078082124
-1.3382857 0.84236988 -0.4462989 0.28014029 -0.075568878
-1.328 0.84524724 -0.44706307 0.27932384 -0.072985941
-1.3177143 0.84811597 -0.44780032 0.27846343 -0.070332082
-1.3074286 0.85097563 -0.44850991 0.27755837 -0.067606065
-1.2971429 0.85382574 -0.44919108 0.27660792 -0.064806645
-1.2868571 0.85666585 -0.44984307 0.27561139 -0.061932575
-1.2765714 0.85949546 -0.45046512 0.27456807 -0.058982599
-1.2662857 0.86231411 -0.45105643 0.27347726 -0.055955459
-1.256 0.86512128 -0.4516162 0.27233826 -0.052849895
-1.2457143 0.86791649 -0.45214363 0.27115039 -0.049664642
-1.2354286 0.87069923 -0.45263787 0.26991297 -0.046398435
-1.2251429 0.87346899 -0.45309811 0.26862533 -0.043050009
-1.2148571 0.87622524 -0.45352347 0.26728681 -0.039618097
-1.2045714 0.87896746 -0.45391311 0.26589677 -0.036101437
-1.1942857 0.88169512 -0.45426613 0.26445456 -0.032498766
-1.184 0.88440767 -0.45458166 0.26295958 -0.028808829
-1.1737143 0.88710457 -0.45485877 0.2614112 -0.025030371
-1.1634286 0.88978527 -0.45509657 0.25980885 -0.021162148
-1.1531429 0.89244921 -0.45529411 0.25815196 -0.01720292
-1.1428571 0.89509582 -0.45545046 0.25643996 -0.013151458
-1.1325714 0.89772454 -0.45556465 0.25467233 -0.0090065432
-1.1222857 0.9003348 -0.45563573 0.25284856 -0.0047669675
-1.112 0.902926 -0.45566272 0.25096817 -0.00043153722
-1.1017143 0.90549757 -0.45564461 0.24903069 0.0040009267
-1.0914286 0.90804892 -0.45558041 0.24703569 0.0085315866
-1.0811429 0.91057945 -0.45546911 0.24498277 0.013161586
-1.0708571 0.91308856 -0.45530966 0.24287156 0.01789205
-1.0605714 0.91557566 -0.45510104 0.24070171 0.022724079
-1.0502857 0.91804014 -0.45484219 0.23847292 0.027658752
-1.04 0.92048139 -0.45453206 0.23618493 0.03269712
-1.0297143 0.9228988 -0.45416957 0.23383749 0.037840207
-1.0194286 0.92529176 -0.45375364 0.23143043 0.043089008
-1.0091429 0.92765966 -0.45328317 0.22896359 0.048444484
-0.99885714 0.93000187 -0.45275706 0.22643688 0.053907563
-0.98857143 0.93231779 -0.45217421 0.22385023 0.059479134
-0.97828571 0.93460679 -0.45153349 0.22120365 0.065160051
-0.968 0.93686826 -0.45083378 0.21849717 0.070951121
-0.95771429 0.93910159 -0.45007393 0.21573091 0.076853111
-0.94742857 0.94130615 -0.4492528 0.21290503 0.082866741
-0.93714286 0.94348135 -0.44836924 0.21001972 0.088992678
-0.92685714 0.94562656 -0.4474221 0.20707529 0.095231542
-0.91657143 0.94774118 -0.4464102 0.20407207 0.10158389
-0.90628571 0.94982461 -0.44533237 0.20101048 0.10805024
-0.896 0.95187625 -0.44418745 0.19789099 0.11463102
-0.88571429 0.95389551 -0.44297425 0.19471416 0.12132662
-0.87542857 0.9558818 -0.44169159 0.19148062 0.12813735
-0.86514286 0.95783454 -0.44033828 0.18819108 0.13506345
-0.85485714 0.95975316 -0.43891314 0.18484633 0.14210509
-0.84457143 0.96163709 -0.43741498 0.18144724 0.14926238
-0.83428571 0.96348579 -0.4358426 0.17799477 0.15653531
-0.824 0.9652987 -0.43419483 0.17448999 0.16392381
-0.81371429 0.9670753 -0.43247046 0.17093402 0.17142774
-0.80342857 0.96881506 -0.43066831 0.16732811 0.17904684
-0.79314286 0.97051747 -0.42878721 0.1636736 0.18678077
-0.78285714 0.97218206 -0.42682597 0.15997193 0.19462908
-0.77257143 0.97380833 -0.42478341 0.15622465 0.20259123
-0.76228571 0.97539582 -0.42265838 0.15243341 0.21066657
-0.752 0.9769441 -0.4204497 0.14859998 0.21885434
-0.74171429 0.97845273 -0.41815623 0.14472624 0.22715366
-0.73142857 0.97992132 -0.41577683 0.14081418 0.23556354
-0.72114286 0.98134948 -0.41331036 0.13686592 0.24408285
-0.71085714 0.98273685 -0.4107557 0.1328837 0.25271035
-0.70057143 0.98408309 -0.40811175 0.12886989 0.26144466
-0.69028571 0.98538789 -0.40537741 0.12482697 0.27028426
-0.68 0.98665096 -0.40255162 0.12075757 0.27922748
-0.66971429 0.98787204 -0.3996333 0.11666444 0.28827252
-0.65942857 0.98905091 -0.39662144 0.11255047 0.29741741
-0.64914286 0.99018736 -0.39351501 0.10841869 0.30666004
-0.63885714 0.99128124 -0.39031301 0.10427227 0.31599812
-0.62857143 0.99233239 -0.38701448 0.10011451 0.32542919
-0.61828571 0.99334073 -0.38361847 0.09594887 0.33495062
-0.608 0.9943062 -0.38012407 0.091778938 0.34455961
-0.59771429 0.99522876 -0.37653039 0.087608455 0.35425315
-0.58742857 0.99610843 -0.37283657 0.083441305 0.36402805
-0.57714286 0.99694526 -0.36904181 0.079281519 0.37388091
-0.56685714 0.99773936 -0.36514531 0.075133274 0.38380812
-0.55657143 0.99849086 -0.36114633 0.071000893 0.39380586
-0.54628571 0.99919995 -0.35704417 0.066888842 0.4038701
-0.536 0.99986686 -0.35283815 0.062801732 0.41399656
-0.52571429 1.0004919 -0.34852767 0.058744313 0.42418072
-0.51542857 1.0010753 -0.34411215 0.054721475 0.43441782
-0.50514286 1.0016176 -0.33959108 0.050738241 0.44470285
-0.49485714 1.0021191 -0.33496398 0.046799768 0.45503054
-0.48457143 1.0025803 -0.33023045 0.042911335 0.46539531
-0.47428571 1.0030018 -0.32539014 0.039078343 0.47579134
-0.464 1.0033842 -0.32044275 0.035306303 0.48621251
-0.45371429 1.0037281 -0.31538805 0.031600833 0.49665237
-0.44342857 1.0040343 -0.3102259 0.027967643 0.5071042
-0.43314286 1.0043034 -0.3049562 0.024412529 0.51756092
-0.42285714 1.0045365 -0.29957893 0.020941357 0.52801514
-0.41257143 1.0047342 -0.29409417 0.017560051 0.53845912
-0.40228571 1.0048977 -0.28850206 0.014274576 0.54888478
-0.392 1.0050279 -0.28280283 0.011090922 0.55928366
-0.38171429 1.0051259 -0.2769968 0.0080150855 0.56964695
-0.37142857 1.0051928 -0.27108438 0.0050530437 0.57996544
-0.36114286 1.0052298 -0.26506609 0.0022107347 0.59022955
-0.35085714 1.0052382 -0.25894252 -0.00050597029 0.6004293
-0.34057143 1.0052194 -0.2527144 -0.0030912951 0.6105543
-0.33028571 1.0051746 -0.24638255 -0.0055395898 0.62059376
-0.32 1.0051054 -0.2399479 -0.0078453644 0.6305365
-0.30971429 1.0050133 -0.23341151 -0.010003325 0.64037089
-0.29942857 1.0048996 -0.22677456 -0.012008413 0.65008493
-0.28914286 1.0047662 -0.22003834 -0.013855847 0.6596662
-0.27885714 1.0046146 -0.21320428 -0.015541166 0.66910187
-0.26857143 1.0044465 -0.20627396 -0.017060274 0.67837876
-0.25828571 1.0042637 -0.19924907 -0.018409494 0.68748328
-0.248 1.0040678 -0.19213145 -0.019585614 0.69640151
-0.23771429 1.0038608 -0.18492309 -0.020585939 0.70511919
-0.22742857 1.0036443 -0.17762614 -0.021408345 0.71362179
-0.21714286 1.0034203 -0.17024287 -0.022051333 0.7218945
-0.20685714 1.0031907 -0.16277574 -0.022514079 0.7299223
-0.19657143 1.0029572 -0.15522733 -0.02279649 0.73768999
-0.18628571 1.0027217 -0.1476004 -0.02289925 0.74518228
-0.176 1.0024861 -0.13989787 -0.02282387 0.75238381
-0.16571429 1.0022522 -0.13212279 -0.022572729 0.75927928
-0.15542857 1.0020218 -0.12427841 -0.022149112 0.76585346
-0.14514286 1.0017966 -0.11636809 -0.021557245 0.77209133
-0.13485714 1.0015783 -0.10839538 -0.020802312 0.77797811
-0.12457143 1.0013686 -0.10036397 -0.019890475 0.78349945
-0.11428571 1.0011691 -0.092277681 -0.018828881 0.78864143
-0.104 1.0009813 -0.084140489 -0.017625651 0.79339072
-0.093714286 1.0008065 -0.0759565 -0.016289865 0.79773469
-0.083428571 1.0006462 -0.067729947 -0.014831534 0.80166147
-0.073142857 1.0005014 -0.059465178 -0.013261556 0.80516012
-0.062857143 1.0003734 -0.051166653 -0.011591659 0.80822067
-0.052571429 1.000263 -0.042838924 -0.0098343359 0.81083423
-0.042285714 1.0001711 -0.034486634 -0.0080027605 0.81299311
-0.032 1.0000984 -0.026114495 -0.0061106981 0.81469086
-0.021714286 1.0000454 -0.017727279 -0.0041724028 0.81592237
-0.011428571 1.0000125 -0.0093298056 -0.0022025065 0.81668388
-0.0011428571 1.0000001 -0.00092692468 -0.00021590215 0.81697307
0.0091428571 1.0000081 0.0074764975 0.001772379 0.81678904
0.019428571 1.0000365 0.015875593 0.0037472917 0.81613237
0.029714286 1.0000852 0.024265506 0.0056939016 0.81500506
0.04 1.0001537 0.032641411 0.0075975082 0.81341054
0.050285714 1.0002415 0.040998523 0.0094437637 0.81135365
0.060571429 1.0003479 0.049332114 0.011218785 0.80884052
0.070857143 1.0004722 0.057637528 0.012909258 0.8058786
0.081142857 1.0006135 0.065910188 0.014502531 0.8024765
0.091428571 1.0007706 0.074145615 0.015986699 0.79864395
0.10171429 1.0009424 0.082339435 0.017350675 0.79439171
0.112 1.0011275 0.090487387 0.018584246 0.78973143
0.12228571 1.0013247 0.098585338 0.019678122 0.78467558
0.13257143 1.0015323 0.10662928 0.020623965 0.77923736
0.14285714 1.0017489 0.11461536 0.021414413 0.77343055
0.15314286 1.0019728 0.12253986 0.022043083 0.76726943
0.16342857 1.0022024 0.13039919 0.022504575 0.76076868
0.17371429 1.0024358 0.13818995 0.022794452 0.75394328
0.184 1.0026713 0.14590888 0.022909221 0.74680841
0.19428571 1.0029071 0.15355287 0.022846305 0.73937937
0.20457143 1.0031413 0.16111897 0.022604003 0.73167152
0.21485714 1.0033721 0.1686044 0.02218145 0.72370017
0.22514286 1.0035976 0.17600652 0.021578573 0.71548054
0.23542857 1.003816 0.18332286 0.020796035 0.70702768
0.24571429 1.0040254 0.19055109 0.01983519 0.69835647
0.256 1.004224 0.19768905 0.018698028 0.6894815
0.26628571 1.00441 0.20473471 0.01738712 0.6804171
0.27657143 1.0045817 0.2116862 0.015905569 0.67117726
0.28685714 1.0047372 0.21854179 0.014256952 0.66177564
0.29714286 1.004875 0.22529987 0.012445277 0.65222553
0.30742857 1.0049932 0.231959 0.010474925 0.64253982
0.31771429 1.0050904 0.23851784 0.0083506128 0.63273103
0.328 1.005165 0.24497518 0.0060773395 0.62281126
0.33828571 1.0052155 0.25132995 0.0036603503 0.61279221
0.34857143 1.0052403 0.25758119 0.0011050946 0.60268517
0.35885714 1.0052382 0.26372805 -0.0015828103 0.59250102
0.36914286 1.0052078 0.26976979 -0.0043976138 0.58225023
0.37942857 1.0051477 0.27570577 -0.0073334633 0.57194287
0.38971429 1.0050569 0.28153547 -0.010384434 0.56158861
0.4 1.0049341 0.28725845 -0.013544553 0.55119674
0.41028571 1.0047783 0.29287438 -0.016807829 0.54077617
0.42057143 1.0045883 0.298383 -0.020168268 0.53033543
0.43085714 1.0043634 0.30378414 -0.023619898 0.51988268
0.44114286 1.0041024 0.30907773 -0.027156785 0.50942574
0.45142857 1.0038047 0.31426376 -0.030773047 0.49897207
0.46171429 1.0034694 0.3193423 -0.034462873 0.48852882
0.472 1.0030958 0.32431349 -0.038220532 0.4781028
0.48228571 1.0026831 0.32917756 -0.042040387 0.46770051
0.49257143 1.0022309 0.33393477 -0.045916899 0.45732814
0.50285714 1.0017386 0.33858545 -0.049844645 0.44699159
0.51314286 1.0012055 0.34313002 -0.053818317 0.43669647
0.52342857 1.0006314 0.34756893 -0.05783273 0.42644813
0.53371429 1.0000158 0.35190267 -0.061882832 0.41625165
0.544 0.99935842 0.35613182 -0.065963703 0.40611183
0.55428571 0.99865888 0.36025698 -0.07007056 0.39603324
0.56457143 0.99791697 0.36427879 -0.074198762 0.38602022
0.57485714 0.9971325 0.36819797 -0.078343811 0.37607685
0.58514286 0.99630532 0.37201523 -0.082501352 0.36620701
0.59542857 0.99543533 0.37573137 -0.086667174 0.35641434
0.60571429 0.99452245 0.37934719 -0.090837217 0.3467023
0.616 0.99356668 0.38286353 -0.095007561 0.33707411
0.62628571 0.99256801 0.38628129 -0.099174435 0.32753282
0.63657143 0.99152652 0.38960135 -0.10333421 0.31808129
0.64685714 0.99044228 0.39282468 -0.10748341 0.30872219
0.65714286 0.98931543 0.39595221 -0.11161869 0.299458
0.66742857 0.98814612 0.39898496 -0.11573686 0.29029106
0.67771429 0.98693455 0.40192392 -0.11983485 0.28122351
0.688 0.98568095 0.40477013 -0.12390975 0.27225736
0.69828571 0.98438555 0.40752464 -0.12795877 0.26339445
0.70857143 0.98304865 0.41018853 -0.13197925 0.25463647
0.71885714 0.98167055 0.41276288 -0.13596868 0.24598497
0.72914286 0.98025158 0.4152488 -0.13992467 0.23744137
0.73942857 0.9787921 0.41764739 -0.14384495 0.22900694
0.74971429 0.97729248 0.4199598 -0.14772738 0.22068282
0.76 0.97575314 0.42218715 -0.15156992 0.21247005
0.77028571 0.97417447 0.42433061 -0.15537069 0.20436952
0.78057143 0.97255694 0.42639133 -0.15912788 0.19638202
0.79085714 0.97090099 0.42837047 -0.16283982 0.18850823
0.80114286 0.96920709 0.43026921 -0.16650494 0.18074871
0.81142857 0.96747574 0.43208873 -0.17012177 0.17310394
0.82171429 0.96570744 0.43383021 -0.17368895 0.16557426
0.832 0.96390271 0.43549483 -0.17720522 0.15815996
0.84228571 0.96206208 0.43708379 -0.18066941 0.15086122
0.85257143 0.96018608 0.43859827 -0.18408045 0.14367811
0.86285714 0.95827528 0.44003946 -0.18743737 0.13661066
0.87314286 0.95633023 0.44140854 -0.19073926 0.12965877
0.88342857 0.9543515 0.44270672 -0.19398532 0.1228223
0.89371429 0.95233967 0.44393518 -0.19717482 0.11610103
0.904 0.95029533 0.44509509 -0.20030712 0.10949465
0.91428571 0.94821907 0.44618764 -0.20338164 0.1030028
0.92457143 0.94611148 0.447214 -0.20639788 0.096625045
0.93485714 0.94397317 0.44817536 -0.20935543 0.0903609
0.94514286 0.94180474 0.44907286 -0.21225392 0.084209811
0.95542857 0.9396068 0.44990767 -0.21509305 0.078171175
0.96571429 0.93737997 0.45068095 -0.21787259 0.072244332
0.976 0.93512485 0.45139384 -0.22059238 0.066428575
0.98628571 0.93284207 0.45204748 -0.2232523 0.060723147
0.99657143 0.93053223 0.45264301 -0.22585229 0.05512725
1.0068571 0.92819596 0.45318153 -0.22839234 0.04964004
1.0171429 0.92583387 0.45366417 -0.2308725 0.044260635
1.0274286 0.92344658 0.45409204 -0.23329286 0.038988116
1.0377143 0.92103471 0.45446622 -0.23565356 0.033821529
1.048 0.91859885 0.45478779 -0.23795477 0.028759887
1.0582857 0.91613964 0.45505785 -0.24019672 0.023802171
1.0685714 0.91365766 0.45527744 -0.24237966 0.018947337
1.0788571 0.91115354 0.45544762 -0.2445039 0.014194312
1.0891429 0.90862787 0.45556944 -0.24656977 0.0095419988
1.0994286 0.90608125 0.45564392 -0.24857763 0.0049892788
1.1097143 0.90351427 0.45567207 -0.25052788 0.00053501211
1.12 0.90092753 0.45565492 -0.25242095 -0.0038219596
1.1302857 0.89832161 0.45559345 -0.25425729 -0.0080828117
1.1405714 0.8956971 0.45548865 -0.25603738 -0.012248735
1.1508571 0.89305456 0.45534148 -0.25776172 -0.016320934
1.1611429 0.89039457 0.4551529 -0.25943084 -0.020300626
1.1714286 0.88771769 0.45492387 -0.26104529 -0.024189038
1.1817143 0.88502449 0.4546553 -0.26260563 -0.027987407
1.192 0.88231552 0.45434813 -0.26411246 -0.031696977
1.2022857 0.87959132 0.45400325 -0.26556637 -0.035318999
1.2125714 0.87685244 0.45362156 -0.26696797 -0.03885473
1.2228571 0.87409941 0.45320395 -0.26831791 -0.042305431
1.2331429 0.87133276 0.45275128 -0.26961683 -0.045672363
1.2434286 0.86855301 0.45226441 -0.27086538 -0.048956794
1.2537143 0.86576067 0.45174417 -0.27206423 -0.052159988
1.264 0.86295626 0.4511914 -0.27321405 -0.055283211
1.2742857 0.86014027 0.45060692 -0.27431554 -0.058327728
1.2845714 0.85731319 0.44999152 -0.27536938 -0.0612948
1.2948571 0.85447553 0.44934599 -0.27637627 -0.064185685
1.3051429 0.85162774 0.44867113 -0.27733692 -0.067001641
1.3154286 0.84877031 0.44796768 -0.27825203 -0.069743915
1.3257143 0.8459037 0.44723639 -0.27912232 -0.072413754
1.336 0.84302836 0.44647802 -0.27994851 -0.075012396
1.3462857 0.84014476 0.44569328 -0.2807313 -0.077541073
1.3565714 0.83725332 0.44488289 -0.28147143 -0.080001009
1.3668571 0.83435449 0.44404755 -0.2821696 -0.082393421
1.3771429 0.83144869 0.44318794 -0.28282654 -0.084719516
1.3874286 0.82853634 0.44230475 -0.28344298 -0.086980493
1.3977143 0.82561786 0.44139863 -0.28401962 -0.08917754
1.408 0.82269365 0.44047024 -0.28455719 -0.091311837
1.4182857 0.81976411 0.43952021 -0.28505639 -0.093384551
1.4285714 0.81682964 0.43854918 -0.28551795 -0.09539684
1.4388571 0.8138906 0.43755776 -0.28594256 -0.09734985
1.4491429 0.81094739 0.43654656 -0.28633095 -0.099244716
1.4594286 0.80800036 0.43551616 -0.28668379 -0.10108256
1.4697143 0.80504989 0.43446715 -0.2870018 -0.10286449
1.48 0.80209633 0.43340009 -0.28728567 -0.1045916
1.4902857 0.79914002 0.43231555 -0.28753607 -0.10626499
1.5005714 0.7961813 0.43121407 -0.2877537 -0.10788572
1.5108571 0.79322051 0.43009618 -0.28793922 -0.10945485
1.5211429 0.79025798 0.42896242 -0.28809331 -0.11097342
1.5314286 0.78729402 0.4278133 -0.28821663 -0.11244247
1.5417143 0.78432895 0.42664932 -0.28830984 -0.11386302
1.552 0.78136308 0.42547098 -0.28837358 -0.11523607
1.5622857 0.77839669 0.42427875 -0.2884085 -0.11656261
1.5725714 0.7754301 0.42307312 -0.28841523 -0.11784362
1.5828571 0.77246358 0.42185454 -0.2883944 -0.11908006
1.5931429 0.76949742 0.42062347 -0.28834664 -0.12027288
1.6034286 0.76653188 0.41938035 -0.28827255 -0.12142301
1.6137143 0.76356724 0.41812563 -0.28817274 -0.12253138
1.624 0.76060375 0.41685971 -0.2880478 -0.12359889
1.6342857 0.75764168 0.41558302 -0.28789834 -0.12462644
1.6445714 0.75468127 0.41429596 -0.28772492 -0.12561489
1.6548571 0.75172277 0.41299894 -0.28752812 -0.12656513
1.6651429 0.74876641 0.41169234 -0.28730851 -0.12747798
1.6754286 0.74581242 0.41037654 -0.28706664 -0.12835431
1.6857143 0.74286104 0.40905191 -0.28680306 -0.12919491
1.696 0.73991247 0.40771881 -0.28651831 -0.13000061
1.7062857 0.73696695 0.40637761 -0.28621292 -0.1307722
1.7165714 0.73402467 0.40502864 -0.28588743 -0.13151046
1.7268571 0.73108583 0.40367225 -0.28554233 -0.13221616
1.7371429 0.72815065 0.40230877 -0.28517814 -0.13289004
1.7474286 0.72521931 0.40093851 -0.28479536 -0.13353286
1.7577143 0.72229201 0.39956181 -0.28439447 -0.13414534
1.768 0.71936891 0.39817895 -0.28397597 -0.13472819
1.7782857 0.71645021 0.39679025 -0.28354031 -0.13528211
1.7885714 0.71353608 0.39539601 -0.28308798 -0.1358078
1.7988571 0.71062669 0.39399649 -0.28261942 -0.13630593
1.8091429 0.7077222 0.392592 -0.28213508 -0.13677715
1.8194286 0.70482277 0.39118279 -0.28163541 -0.13722213
1.8297143 0.70192856 0.38976914 -0.28112084 -0.1376415
1.84 0.69903971 0.38835131 -0.28059179 -0.13803588
1.8502857 0.69615638 0.38692955 -0.28004868 -0.13840589
1.8605714 0.69327871 0.3855041 -0.27949192 -0.13875212
1.8708571 0.69040683 0.38407522 -0.27892191 -0.13907518
1.8811429 0.68754089 0.38264313 -0.27833904 -0.13937564
1.8914286 0.684681 0.38120806 -0.27774371 -0.13965405
1.9017143 0.6818273 0.37977024 -0.27713629 -0.13991099
1.912 0.67897991 0.37832989 -0.27651715 -0.140147
1.9222857 0.67613895 0.37688722 -0.27588665 -0.14036259
1.9325714 0.67330453 0.37544243 -0.27524516 -0.14055831
1.9428571 0.67047676 0.37399574 -0.27459302 -0.14073466
1.9531429 0.66765576 0.37254732 -0.27393057 -0.14089214
1.9634286 0.66484162 0.37109738 -0.27325815 -0.14103125
1.9737143 0.66203445 0.36964611 -0.27257609 -0.14115245
1.984 0.65923434 0.36819368 -0.2718847 -0.14125623
1.9942857 0.65644139 0.36674026 -0.27118432 -0.14134305
2.0045714 0.65365569 0.36528605 -0.27047523 -0.14141335
2.0148571 0.65087733 0.36383119 -0.26975775 -0.14146757
2.0251429 0.64810639 0.36237586 -0.26903217 -0.14150616
2.0354286 0.64534295 0.36092021 -0.26829878 -0.14152952
2.0457143 0.6425871 0.35946439 -0.26755786 -0.14153808
2.056 0.63983891 0.35800857 -0.26680968 -0.14153223
2.0662857 0.63709844 0.35655287 -0.26605453 -0.14151238
2.0765714 0.63436578 0.35509745 -0.26529266 -0.14147892
2.0868571 0.631641 0.35364245 -0.26452433 -0.14143221
2.0971429 0.62892414 0.35218799 -0.2637498 -0.14137263
2.1074286 0.62621529 0.35073421 -0.2629693 -0.14130054
2.1177143 0.62351449 0.34928124 -0.26218309 -0.1412163
2.128 0.6208218 0.34782919 -0.2613914 -0.14112025
2.1382857 0.61813729 0.34637819 -0.26059447 -0.14101273
2.1485714 0.615461 0.34492836 -0.2597925 -0.14089408
2.1588571 0.61279299 0.3434798 -0.25898574 -0.14076461
2.1691429 0.6101333 0.34203263 -0.25817439 -0.14062463
2.1794286 0.60748197 0.34058695 -0.25735865 -0.14047447
2.1897143 0.60483906 0.33914287 -0.25653875 -0.14031442
2.2 0.60220461 0.33770048 -0.25571487 -0.14014478
