0 1 0 0 0.64771343
0.01 1.0000218 0.0064771343 0.0043412665 0.64731025
0.02 1.0000868 0.012946205 0.008624117 0.64610464
0.03 1.0001943 0.019399227 0.012791419 0.64410824
0.04 1.0003427 0.025828369 0.016788539 0.64134005
0.05 1.00053 0.032226027 0.020564431 0.63782572
0.06 1.0007539 0.038584883 0.02407255 0.63359682
0.07 1.0010115 0.044897963 0.027271555 0.62868982
0.08 1.0012994 0.051158679 0.030125784 0.62314511
0.09 1.001614 0.057360864 0.032605516 0.61700592
0.1 1.0019515 0.063498796 0.034687007 0.61031729
0.11 1.0023077 0.069567209 0.036352362 0.60312517
0.12 1.0026785 0.075561299 0.037589244 0.59547551
0.13 1.0030595 0.081476719 0.038390479 0.5874136
0.14 1.0034463 0.087309571 0.038753573 0.57898341
0.15 1.0038346 0.093056388 0.03868019 0.57022717
0.16 1.0042199 0.098714115 0.038175612 0.56118497
0.17 1.0045981 0.10428009 0.037248205 0.55189458
0.18 1.0049649 0.10975201 0.035908899 0.54239127
0.19 1.0053163 0.11512791 0.034170717 0.53270776
0.2 1.0056483 0.12040616 0.032048332 0.52287422
0.21 1.0059572 0.1255854 0.029557682 0.51291834
0.22 1.0062395 0.13066453 0.026715625 0.50286538
0.23 1.0064916 0.13564271 0.023539644 0.49273834
0.24 1.0067103 0.1405193 0.020047595 0.48255806
0.25 1.0068925 0.14529387 0.016257498 0.47234339
0.26 1.0070354 0.14996617 0.012187357 0.46211132
0.27 1.0071362 0.1545361 0.0078550254 0.45187715
0.28 1.0071925 0.15900372 0.0032780841 0.44165462
0.29 1.0072018 0.1633692 -0.001526243 0.43145605
0.3 1.007162 0.16763284 -0.0065411603 0.42129248
0.31 1.007071 0.17179505 -0.011750352 0.41117381
0.32 1.006927 0.17585632 -0.017138018 0.40110885
0.33 1.0067282 0.17981723 -0.022688901 0.39110552
0.34 1.0064732 0.18367843 -0.028388301 0.38117085
0.35 1.0061605 0.18744065 -0.034222084 0.37131114
0.36 1.0057887 0.19110466 -0.04017668 0.361532
0.37 1.0053569 0.19467129 -0.046239086 0.35183842
0.38 1.004864 0.19814143 -0.052396851 0.34223486
0.39 1.004309 0.20151599 -0.058638071 0.33272528
0.4 1.0036912 0.20479594 -0.064951373 0.32331318
0.41 1.00301 0.20798226 -0.071325906 0.3140017
0.42 1.0022647 0.21107597 -0.077751318 0.30479361
0.43 1.0014549 0.21407813 -0.084217749 0.29569134
0.44 1.0005803 0.2169898 -0.090715808 0.28669706
0.45 0.99964061 0.21981208 -0.097236559 0.27781266
0.46 0.9986356 0.22254606 -0.10377151 0.26903981
0.47 0.99756518 0.22519288 -0.11031258 0.26037996
0.48 0.99642934 0.22775366 -0.11685211 0.25183436
0.49 0.99522814 0.23022957 -0.12338282 0.24340408
0.5 0.99396169 0.23262175 -0.12989782 0.23509006
0.51 0.99263018 0.23493137 -0.13639057 0.22689304
0.52 0.99123388 0.23715961 -0.14285489 0.21881368
0.53 0.98977308 0.23930765 -0.14928493 0.21085248
0.54 0.98824818 0.24137666 -0.15567516 0.20300982
0.55 0.98665958 0.24336785 -0.16202035 0.19528601
0.56 0.98500777 0.24528239 -0.16831561 0.18768123
0.57 0.98329327 0.24712147 -0.17455628 0.18019557
0.58 0.98151665 0.2488863 -0.18073802 0.17282905
0.59 0.97967851 0.25057806 -0.18685673 0.16558159
0.6 0.97777951 0.25219793 -0.19290858 0.15845307
0.61 0.97582034 0.25374712 -0.19888998 0.15144325
0.62 0.97380171 0.2552268 -0.20479757 0.14455186
0.63 0.97172439 0.25663816 -0.21062824 0.13777855
0.64 0.96958915 0.25798237 -0.21637906 0.13112293
0.65 0.96739681 0.25926062 -0.22204734 0.12458453
0.66 0.9651482 0.26047407 -0.22763059 0.11816284
0.67 0.96284419 0.26162388 -0.23312651 0.1118573
0.68 0.96048567 0.26271121 -0.23853297 0.1056673
0.69 0.95807353 0.26373723 -0.24384805 0.099592184
0.7 0.95560871 0.26470306 -0.24906999 0.093631251
0.71 0.95309213 0.26560985 -0.25419719 0.087783765
0.72 0.95052477 0.26645874 -0.25922821 0.082048946
0.73 0.94790757 0.26725083 -0.26416176 0.07642598
0.74 0.94524153 0.26798726 -0.26899672 0.070914017
0.75 0.94252764 0.26866911 -0.27373209 0.065512174
0.76 0.93976689 0.2692975 -0.278367 0.060219535
0.77 0.9369603 0.26987351 -0.28290073 0.055035157
0.78 0.93410887 0.27039821 -0.28733267 0.049958065
0.79 0.93121364 0.27087267 -0.29166233 0.044987261
0.8 0.92827563 0.27129795 -0.29588934 0.04012172
0.81 0.92529586 0.2716751 -0.30001343 0.035360393
0.82 0.92227536 0.27200516 -0.30403445 0.030702209
0.83 0.91921517 0.27228915 -0.30795232 0.026146077
0.84 0.91611631 0.27252808 -0.31176708 0.021690885
0.85 0.91297983 0.27272297 -0.31547885 0.017335505
0.86 0.90980674 0.27287479 -0.31908785 0.013078789
0.87 0.90659807 0.27298454 -0.32259436 0.008919577
0.88 0.90335485 0.27305319 -0.32599875 0.0048566917
0.89 0.90007809 0.27308168 -0.32930146 0.00088894436
0.9 0.89676882 0.27307097 -0.33250299 -0.0029848663
0.91 0.89342803 0.27302198 -0.33560394 -0.006765952
0.92 0.89005674 0.27293565 -0.33860494 -0.010455534
0.93 0.88665594 0.27281287 -0.34150668 -0.014054844
0.94 0.88322661 0.27265455 -0.34430993 -0.017565117
0.95 0.87976974 0.27246157 -0.34701548 -0.020987599
0.96 0.8762863 0.2722348 -0.34962419 -0.024323538
0.97 0.87277725 0.2719751 -0.35213697 -0.027574188
0.98 0.86924356 0.27168332 -0.35455476 -0.030740807
0.99 0.86568616 0.27136028 -0.35687855 -0.033824653
1 0.86210599 0.27100682 -0.35910936 -0.036826989
1.01 0.85850397 0.27062375 -0.36124824 -0.039749075
1.02 0.85488102 0.27021184 -0.36329628 -0.042592175
1.03 0.85123805 0.2697719 -0.36525461 -0.045357548
1.04 0.84757593 0.26930469 -0.36712438 -0.048046453
1.05 0.84389556 0.26881097 -0.36890674 -0.050660148
1.06 0.8401978 0.26829149 -0.37060291 -0.053199885
1.07 0.8364835 0.26774698 -0.37221409 -0.055666914
1.08 0.83275351 0.26717815 -0.37374151 -0.058062479
1.09 0.82900867 0.26658573 -0.37518643 -0.060387819
1.1 0.82524979 0.2659704 -0.37655011 -0.062644169
1.11 0.82147767 0.26533284 -0.37783383 -0.064832754
1.12 0.81769311 0.26467374 -0.37903887 -0.066954795
1.13 0.81389689 0.26399375 -0.38016654 -0.069011504
1.14 0.81008978 0.26329351 -0.38121814 -0.071004084
1.15 0.80627253 0.26257367 -0.38219498 -0.072933732
1.16 0.80244588 0.26183484 -0.38309838 -0.074801632
1.17 0.79861056 0.26107763 -0.38392965 -0.076608962
1.18 0.79476729 0.26030266 -0.38469012 -0.078356889
1.19 0.79091676 0.2595105 -0.38538112 -0.080046568
1.2 0.78705966 0.25870173 -0.38600395 -0.081679146
1.21 0.78319668 0.25787691 -0.38655995 -0.083255755
1.22 0.77932846 0.25703661 -0.38705043 -0.084777521
1.23 0.77545567 0.25618136 -0.38747671 -0.086245553
1.24 0.77157893 0.2553117 -0.38784009 -0.087660951
1.25 0.76769887 0.25442814 -0.38814187 -0.089024803
1.26 0.76381609 0.2535312 -0.38838336 -0.090338182
1.27 0.7599312 0.25262138 -0.38856583 -0.09160215
1.28 0.75604478 0.25169916 -0.38869059 -0.092817756
1.29 0.75215739 0.25076503 -0.38875888 -0.093986037
1.3 0.7482696 0.24981944 -0.38877198 -0.095108013
1.31 0.74438195 0.24886286 -0.38873114 -0.096184696
1.32 0.74049498 0.24789575 -0.38863761 -0.09721708
1.33 0.7366092 0.24691852 -0.3884926 -0.098206146
1.34 0.73272512 0.24593162 -0.38829734 -0.099152865
1.35 0.72884325 0.24493547 -0.38805303 -0.10005819
1.36 0.72496406 0.24393046 -0.38776088 -0.10092306
1.37 0.72108803 0.242917 -0.38742204 -0.1017484
1.38 0.71721562 0.24189549 -0.3870377 -0.10253513
1.39 0.71334728 0.2408663 -0.38660901 -0.10328414
1.4 0.70948344 0.23982981 -0.38613709 -0.10399632
1.41 0.70562454 0.23878638 -0.38562308 -0.10467254
1.42 0.70177098 0.23773636 -0.38506808 -0.10531365
1.43 0.69792317 0.2366801 -0.38447319 -0.1059205
1.44 0.69408152 0.23561795 -0.38383948 -0.10649392
1.45 0.69024639 0.23455022 -0.38316801 -0.10703471
1.46 0.68641816 0.23347725 -0.38245984 -0.10754369
1.47 0.68259719 0.23239935 -0.38171599 -0.10802164
1.48 0.67878384 0.23131682 -0.38093748 -0.10846933
1.49 0.67497844 0.23022996 -0.3801253 -0.10888751
1.5 0.67118133 0.22913907 -0.37928045 -0.10927695
1.51 0.66739283 0.22804443 -0.37840388 -0.10963836
1.52 0.66361325 0.2269463 -0.37749655 -0.10997248
1.53 0.6598429 0.22584498 -0.3765594 -0.11027999
1.54 0.65608206 0.2247407 -0.37559333 -0.11056161
1.55 0.65233103 0.22363374 -0.37459927 -0.11081799
1.56 0.64859008 0.22252434 -0.37357808 -0.11104982
1.57 0.64485947 0.22141275 -0.37253065 -0.11125775
1.58 0.64113947 0.22029919 -0.37145783 -0.11144241
1.59 0.63743031 0.2191839 -0.37036045 -0.11160444
1.6 0.63373226 0.2180671 -0.36923934 -0.11174445
1.61 0.63004553 0.21694901 -0.36809531 -0.11186304
1.62 0.62637035 0.21582984 -0.36692914 -0.11196081
1.63 0.62270694 0.21470979 -0.36574162 -0.11203834
1.64 0.61905552 0.21358907 -0.36453351 -0.11209618
1.65 0.61541627 0.21246787 -0.36330555 -0.11213491
1.66 0.61178941 0.21134637 -0.36205847 -0.11215506
1.67 0.60817511 0.21022477 -0.36079299 -0.11215717
1.68 0.60457355 0.20910323 -0.35950981 -0.11214175
1.69 0.60098491 0.20798193 -0.35820961 -0.11210932
1.7 0.59740936 0.20686104 -0.35689307 -0.11206039
1.71 0.59384705 0.20574073 -0.35556084 -0.11199542
1.72 0.59029814 0.20462114 -0.35421356 -0.11191492
1.73 0.58676278 0.20350243 -0.35285187 -0.11181934
1.74 0.5832411 0.20238475 -0.35147638 -0.11170913
1.75 0.57973325 0.20126824 -0.3500877 -0.11158476
1.76 0.57623935 0.20015305 -0.34868639 -0.11144665
1.77 0.57275952 0.19903931 -0.34727306 -0.11129524
1.78 0.56929389 0.19792715 -0.34584824 -0.11113093
1.79 0.56584256 0.19681669 -0.34441251 -0.11095415
1.8 0.56240564 0.19570807 -0.34296637 -0.11076529
1.81 0.55898323 0.19460139 -0.34151038 -0.11056473
1.82 0.55557543 0.19349677 -0.34004502 -0.11035287
1.83 0.55218233 0.19239433 -0.3385708 -0.11013007
1.84 0.54880401 0.19129417 -0.33708822 -0.10989669
1.85 0.54544056 0.1901964 -0.33559773 -0.1096531
1.86 0.54209206 0.18910111 -0.33409981 -0.10939963
1.87 0.53875857 0.1880084 -0.33259491 -0.10913663
1.88 0.53544016 0.18691838 -0.33108347 -0.10886443
1.89 0.5321369 0.18583111 -0.32956591 -0.10858334
1.9 0.52884884 0.18474671 -0.32804266 -0.10829369
1.91 0.52557605 0.18366524 -0.32651413 -0.10799578
1.92 0.52231856 0.18258679 -0.32498071 -0.10768991
1.93 0.51907643 0.18151144 -0.32344279 -0.10737638
1.94 0.5158497 0.18043927 -0.32190075 -0.10705546
1.95 0.51263842 0.17937033 -0.32035495 -0.10672743
1.96 0.50944261 0.17830472 -0.31880575 -0.10639258
1.97 0.5062623 0.17724248 -0.31725351 -0.10605115
1.98 0.50309754 0.17618369 -0.31569855 -0.10570342
1.99 0.49994833 0.17512841 -0.31414122 -0.10534962
2 0.49681471 0.1740767 -0.31258183 -0.10499001
2.01 0.49369669 0.17302861 -0.31102069 -0.10462483
2.02 0.4905943 0.1719842 -0.30945811 -0.1042543
2.03 0.48750753 0.17094353 -0.30789438 -0.10387866
2.04 0.48443641 0.16990663 -0.30632979 -0.10349812
2.05 0.48138094 0.16887357 -0.30476462 -0.10311289
2.06 0.47834112 0.16784437 -0.30319913 -0.1027232
2.07 0.47531695 0.1668191 -0.3016336 -0.10232924
2.08 0.47230845 0.16579779 -0.30006828 -0.10193122
2.09 0.46931559 0.16478048 -0.29850341 -0.10152931
2.1 0.46633838 0.1637672 -0.29693924 -0.10112373
2.11 0.4633768 0.162758 -0.29537601 -0.10071463
2.12 0.46043086 0.16175291 -0.29381392 -0.10030222
2.13 0.45750053 0.16075196 -0.29225322 -0.099886651
2.14 0.45458579 0.15975518 -0.29069411 -0.099468103
2.15 0.45168664 0.1587626 -0.2891368 -0.099046737
2.16 0.44880306 0.15777424 -0.28758148 -0.098622713
2.17 0.44593501 0.15679014 -0.28602836 -0.098196188
2.18 0.44308249 0.15581032 -0.28447762 -0.097767312
2.19 0.44024546 0.1548348 -0.28292944 -0.097336233
2.2 0.4374239 0.15386359 -0.28138401 -0.096903093
2.21 0.43461778 0.15289673 -0.27984148 -0.096468032
2.22 0.43182707 0.15193423 -0.27830203 -0.096031185
2.23 0.42905174 0.15097611 -0.27676582 -0.095592684
2.24 0.42629176 0.15002238 -0.275233 -0.095152655
2.25 0.42354708 0.14907306 -0.27370373 -0.094711224
2.26 0.42081768 0.14812816 -0.27217813 -0.09426851
2.27 0.41810352 0.14718769 -0.27065637 -0.093824631
2.28 0.41540455 0.14625166 -0.26913856 -0.093379701
2.29 0.41272075 0.14532009 -0.26762485 -0.092933829
2.3 0.41005206 0.14439299 -0.26611535 -0.092487124
2.31 0.40739844 0.14347035 -0.26461018 -0.092039688
2.32 0.40475985 0.14255219 -0.26310948 -0.091591624
2.33 0.40213625 0.14163852 -0.26161334 -0.091143029
2.34 0.39952759 0.14072933 -0.26012187 -0.090693998
2.35 0.39693381 0.13982464 -0.25863519 -0.090244625
2.36 0.39435488 0.13892444 -0.25715338 -0.089794997
2.37 0.39179075 0.13802874 -0.25567656 -0.089345202
2.38 0.38924135 0.13713754 -0.2542048 -0.088895324
2.39 0.38670665 0.13625083 -0.2527382 -0.088445445
2.4 0.38418659 0.13536863 -0.25127685 -0.087995644
2.41 0.38168111 0.13449092 -0.24982083 -0.087545998
2.42 0.37919017 0.13361771 -0.24837021 -0.08709658
2.43 0.37671371 0.13274899 -0.24692508 -0.086647463
2.44 0.37425167 0.13188476 -0.2454855 -0.086198717
2.45 0.371804 0.13102501 -0.24405155 -0.085750408
2.46 0.36937064 0.13016975 -0.24262329 -0.085302603
2.47 0.36695153 0.12931896 -0.24120078 -0.084855364
2.48 0.36454662 0.12847264 -0.23978409 -0.084408752
2.49 0.36215585 0.12763079 -0.23837328 -0.083962828
2.5 0.35977916 0.12679339 -0.23696839 -0.083517648
2.51 0.35741649 0.12596043 -0.23556948 -0.083073267
2.52 0.35506777 0.12513192 -0.23417661 -0.082629739
2.53 0.35273295 0.12430784 -0.23278981 -0.082187116
2.54 0.35041197 0.12348818 -0.23140913 -0.081745448
2.55 0.34810477 0.12267293 -0.23003463 -0.081304782
2.56 0.34581128 0.12186208 -0.22866633 -0.080865167
2.57 0.34353144 0.12105563 -0.22730427 -0.080426645
2.58 0.3412652 0.12025355 -0.22594849 -0.079989262
2.59 0.33901247 0.11945584 -0.22459903 -0.079553059
2.6 0.33677322 0.11866249 -0.22325592 -0.079118076
2.61 0.33454736 0.11787348 -0.22191918 -0.078684353
2.62 0.33233483 0.1170888 -0.22058884 -0.078251927
2.63 0.33013558 0.11630844 -0.21926493 -0.077820833
2.64 0.32794953 0.11553238 -0.21794748 -0.077391108
2.65 0.32577663 0.11476062 -0.2166365 -0.076962784
2.66 0.3236168 0.11399313 -0.21533202 -0.076535893
2.67 0.32146999 0.1132299 -0.21403406 -0.076110468
2.68 0.31933612 0.11247092 -0.21274262 -0.075686537
2.69 0.31721514 0.11171617 -0.21145774 -0.075264129
2.7 0.31510697 0.11096564 -0.21017942 -0.074843273
2.71 0.31301155 0.1102193 -0.20890767 -0.074423993
2.72 0.31092881 0.10947716 -0.20764251 -0.074006316
2.73 0.3088587 0.10873918 -0.20638394 -0.073590267
2.74 0.30680114 0.10800535 -0.20513198 -0.073175867
2.75 0.30475606 0.10727566 -0.20388664 -0.07276314
2.76 0.3027234 0.10655009 -0.2026479 -0.072352107
2.77 0.3007031 0.10582862 -0.2014158 -0.071942788
2.78 0.29869509 0.10511123 -0.20019031 -0.071535204
2.79 0.2966993 0.10439791 -0.19897146 -0.071129371
2.8 0.29471566 0.10368865 -0.19775923 -0.070725309
2.81 0.29274411 0.10298341 -0.19655363 -0.070323035
2.82 0.29078459 0.10228219 -0.19535466 -0.069922563
2.83 0.28883702 0.10158496 -0.19416231 -0.069523911
2.84 0.28690134 0.10089171 -0.19297659 -0.069127092
2.85 0.28497749 0.10020242 -0.19179749 -0.06873212
2.86 0.28306539 0.099517065 -0.190625 -0.068339008
2.87 0.28116499 0.098835636 -0.18945911 -0.067947769
2.88 0.27927621 0.09815811 -0.18829983 -0.067558415
2.89 0.27739899 0.097484467 -0.18714714 -0.067170956
2.9 0.27553327 0.09681469 -0.18600104 -0.066785403
2.91 0.27367897 0.096148759 -0.18486151 -0.066401766
2.92 0.27183604 0.095486655 -0.18372855 -0.066020054
2.93 0.2700044 0.094828358 -0.18260214 -0.065640276
2.94 0.26818399 0.09417385 -0.18148227 -0.06526244
2.95 0.26637475 0.09352311 -0.18036894 -0.064886553
2.96 0.26457661 0.092876119 -0.17926213 -0.064512622
2.97 0.26278951 0.092232857 -0.17816182 -0.064140654
2.98 0.26101338 0.091593306 -0.177068 -0.063770655
2.99 0.25924815 0.090957444 -0.17598066 -0.06340263
3 0.25749376 0.090325253 -0.17489978 -0.063036584
3.01 0.25575016 0.089696713 -0.17382535 -0.062672522
3.02 0.25401726 0.089071803 -0.17275735 -0.062310447
3.03 0.25229501 0.088450504 -0.17169576 -0.061950365
3.04 0.25058334 0.087832795 -0.17064057 -0.061592277
3.05 0.2488822 0.087218658 -0.16959175 -0.061236186
3.06 0.24719151 0.086608072 -0.1685493 -0.060882096
3.07 0.24551121 0.086001016 -0.16751319 -0.060530008
3.08 0.24384124 0.085397472 -0.1664834 -0.060179924
3.09 0.24218154 0.084797418 -0.16545991 -0.059831845
3.1 0.24053205 0.084200835 -0.1644427 -0.059485772
3.11 0.23889269 0.083607702 -0.16343176 -0.059141706
3.12 0.23726341 0.083018001 -0.16242706 -0.058799647
3.13 0.23564415 0.082431709 -0.16142859 -0.058459596
3.14 0.23403484 0.081848809 -0.16043631 -0.058121552
3.15 0.23243542 0.081269278 -0.15945021 -0.057785514
3.16 0.23084584 0.080693099 -0.15847027 -0.057451482
3.17 0.22926602 0.080120249 -0.15749647 -0.057119454
3.18 0.22769591 0.079550709 -0.15652878 -0.05678943
3.19 0.22613544 0.07898446 -0.15556717 -0.056461407
3.2 0.22458456 0.078421481 -0.15461164 -0.056135384
3.21 0.22304321 0.077861753 -0.15366215 -0.055811358
3.22 0.22151132 0.077305254 -0.15271868 -0.055489328
3.23 0.21998884 0.076751966 -0.15178121 -0.055169291
3.24 0.2184757 0.076201868 -0.15084972 -0.054851243
3.25 0.21697184 0.075654941 -0.14992417 -0.054535183
3.26 0.21547721 0.075111165 -0.14900455 -0.054221106
3.27 0.21399175 0.074570519 -0.14809083 -0.05390901
3.28 0.2125154 0.074032985 -0.14718299 -0.053598891
3.29 0.21104809 0.073498541 -0.14628101 -0.053290745
3.3 0.20958978 0.07296717 -0.14538485 -0.052984568
3.31 0.20814039 0.07243885 -0.14449449 -0.052680356
3.32 0.20669989 0.071913563 -0.14360992 -0.052378106
3.33 0.2052682 0.071391288 -0.1427311 -0.052077813
3.34 0.20384526 0.070872006 -0.141858 -0.051779471
3.35 0.20243104 0.070355699 -0.14099061 -0.051483077
3.36 0.20102545 0.069842345 -0.1401289 -0.051188626
3.37 0.19962846 0.069331926 -0.13927284 -0.050896113
3.38 0.19824 0.068824423 -0.13842241 -0.050605533
3.39 0.19686001 0.068319816 -0.13757758 -0.05031688
3.4 0.19548844 0.067818085 -0.13673833 -0.05003015
3.41 0.19412524 0.067319213 -0.13590463 -0.049745337
3.42 0.19277035 0.066823178 -0.13507645 -0.049462436
3.43 0.19142371 0.066329964 -0.13425377 -0.04918144
3.44 0.19008528 0.06583955 -0.13343657 -0.048902345
3.45 0.18875498 0.065351917 -0.13262481 -0.048625145
3.46 0.18743278 0.064867047 -0.13181848 -0.048349834
3.47 0.18611861 0.06438492 -0.13101754 -0.048076405
3.48 0.18481243 0.063905519 -0.13022197 -0.047804853
3.49 0.18351417 0.063428823 -0.12943175 -0.047535172
3.5 0.18222379 0.062954815 -0.12864685 -0.047267356
3.51 0.18094124 0.062483476 -0.12786724 -0.047001398
3.52 0.17966645 0.062014787 -0.1270929 -0.046737293
3.53 0.17839938 0.06154873 -0.1263238 -0.046475033
3.54 0.17713997 0.061085287 -0.12555992 -0.046214613
3.55 0.17588818 0.060624438 -0.12480122 -0.045956026
3.56 0.17464395 0.060166166 -0.12404769 -0.045699265
3.57 0.17340723 0.059710453 -0.1232993 -0.045444325
3.58 0.17217796 0.05925728 -0.12255603 -0.045191198
3.59 0.17095611 0.058806629 -0.12181784 -0.044939877
3.6 0.16974161 0.058358482 -0.12108471 -0.044690357
3.61 0.16853441 0.057912822 -0.12035662 -0.044442631
3.62 0.16733447 0.05746963 -0.11963354 -0.044196691
3.63 0.16614174 0.057028888 -0.11891545 -0.043952532
3.64 0.16495617 0.056590579 -0.11820232 -0.043710145
3.65 0.1637777 0.056154685 -0.11749412 -0.043469525
3.66 0.16260628 0.055721189 -0.11679084 -0.043230665
3.67 0.16144188 0.055290072 -0.11609243 -0.042993558
3.68 0.16028443 0.054861317 -0.11539889 -0.042758196
3.69 0.1591339 0.054434908 -0.11471018 -0.042524574
3.7 0.15799023 0.054010826 -0.11402629 -0.042292684
3.71 0.15685338 0.053589054 -0.11334718 -0.042062519
3.72 0.15572329 0.053169576 -0.11267282 -0.041834072
3.73 0.15459992 0.052752373 -0.11200321 -0.041607337
3.74 0.15348322 0.052337429 -0.1113383 -0.041382307
3.75 0.15237315 0.051924727 -0.11067809 -0.041158974
3.76 0.15126966 0.051514249 -0.11002253 -0.040937332
3.77 0.1501727 0.05110598 -0.10937161 -0.040717374
3.78 0.14908223 0.050699902 -0.10872531 -0.040499092
3.79 0.1479982 0.050295998 -0.10808359 -0.040282481
3.8 0.14692056 0.049894252 -0.10744644 -0.040067532
3.81 0.14584927 0.049494648 -0.10681383 -0.03985424
3.82 0.14478428 0.049097168 -0.10618574 -0.039642597
3.83 0.14372555 0.048701796 -0.10556214 -0.039432596
3.84 0.14267304 0.048308516 -0.10494301 -0.03922423
3.85 0.14162669 0.047917311 -0.10432833 -0.039017493
3.86 0.14058647 0.047528166 -0.10371808 -0.038812378
3.87 0.13955233 0.047141064 -0.10311222 -0.038608877
3.88 0.13852423 0.046755988 -0.10251073 -0.038406985
3.89 0.13750212 0.046372924 -0.1019136 -0.038206694
3.9 0.13648596 0.045991855 -0.10132081 -0.038007997
3.91 0.1354757 0.045612764 -0.10073231 -0.037810888
3.92 0.13447131 0.045235637 -0.10014811 -0.037615359
3.93 0.13347274 0.044860457 -0.09956816 -0.037421405
3.94 0.13247995 0.044487209 -0.098992454 -0.037229018
3.95 0.13149289 0.044115877 -0.098420964 -0.037038192
3.96 0.13051153 0.043746445 -0.097853668 -0.036848919
3.97 0.12953582 0.043378898 -0.097290545 -0.036661194
3.98 0.12856572 0.043013221 -0.096731571 -0.03647501
3.99 0.12760118 0.042649398 -0.096176726 -0.03629036
4 0.12664218 0.042287414 -0.095625986 -0.036107238
4.01 0.12568866 0.041927253 -0.095079331 -0.035925636
4.02 0.12474059 0.041568901 -0.094536739 -0.035745549
4.03 0.12379793 0.041212342 -0.093998187 -0.035566971
4.04 0.12286063 0.040857562 -0.093463656 -0.035389893
4.05 0.12192866 0.040504545 -0.092933122 -0.035214311
4.06 0.12100197 0.040153276 -0.092406566 -0.035040218
4.07 0.12008053 0.03980374 -0.091883966 -0.034867607
4.08 0.11916429 0.039455923 -0.091365302 -0.034696472
4.09 0.11825322 0.039109811 -0.090850551 -0.034526806
4.1 0.11734728 0.038765387 -0.090339695 -0.034358605
4.11 0.11644643 0.038422639 -0.089832712 -0.03419186
4.12 0.11555062 0.03808155 -0.089329582 -0.034026567
4.13 0.11465983 0.037742107 -0.088830284 -0.033862718
4.14 0.11377402 0.037404296 -0.088334798 -0.033700308
4.15 0.11289314 0.037068101 -0.087843105 -0.033539331
4.16 0.11201716 0.036733509 -0.087355184 -0.033379781
4.17 0.11114603 0.036400506 -0.086871015 -0.033221651
4.18 0.11027974 0.036069076 -0.08639058 -0.033064935
4.19 0.10941822 0.035739207 -0.085913857 -0.032909629
4.2 0.10856146 0.035410884 -0.085440829 -0.032755725
4.21 0.10770941 0.035084092 -0.084971475 -0.032603218
4.22 0.10686203 0.034758819 -0.084505776 -0.032452102
4.23 0.10601929 0.03443505 -0.084043714 -0.032302371
4.24 0.10518116 0.034112772 -0.083585269 -0.03215402
4.25 0.10434759 0.03379197 -0.083130423 -0.032007043
4.26 0.10351855 0.033472631 -0.082679156 -0.031861434
4.27 0.102694 0.033154741 -0.082231451 -0.031717187
4.28 0.10187392 0.032838287 -0.081787289 -0.031574297
4.29 0.10105826 0.032523255 -0.081346651 -0.031432759
4.3 0.10024699 0.032209632 -0.08090952 -0.031292566
4.31 0.099440067 0.031897404 -0.080475877 -0.031153714
4.32 0.098637468 0.031586558 -0.080045705 -0.031016197
4.33 0.097839153 0.03127708 -0.079618985 -0.030880009
4.34 0.097045088 0.030968958 -0.0791957 -0.030745146
4.35 0.096255239 0.030662177 -0.078775833 -0.030611601
4.36 0.095469571 0.030356726 -0.078359366 -0.03047937
4.37 0.094688052 0.03005259 -0.077946281 -0.030348448
4.38 0.093910646 0.029749757 -0.077536563 -0.030218829
4.39 0.09313732 0.029448213 -0.077130192 -0.030090508
4.4 0.092368042 0.029147947 -0.076727153 -0.02996348
4.41 0.091602777 0.028848944 -0.07632743 -0.02983774
4.42 0.090841493 0.028551192 -0.075931004 -0.029713283
4.43 0.090084157 0.028254678 -0.075537859 -0.029590104
4.44 0.089330736 0.02795939 -0.07514798 -0.029468198
4.45 0.088581198 0.027665314 -0.07476135 -0.029347561
4.46 0.087835509 0.027372439 -0.074377952 -0.029228187
4.47 0.087093639 0.027080751 -0.073997771 -0.029110071
4.48 0.086355554 0.026790237 -0.073620791 -0.02899321
4.49 0.085621223 0.026500886 -0.073246996 -0.028877597
4.5 0.084890614 0.026212685 -0.07287637 -0.028763229
4.51 0.084163696 0.025925622 -0.072508897 -0.028650101
4.52 0.083440436 0.025639683 -0.072144563 -0.028538208
4.53 0.082720804 0.025354858 -0.071783351 -0.028427547
4.54 0.082004769 0.025071132 -0.071425247 -0.028318111
4.55 0.0812923 0.024788495 -0.071070236 -0.028209897
4.56 0.080583365 0.024506934 -0.070718302 -0.028102901
4.57 0.079877934 0.024226437 -0.070369431 -0.027997118
4.58 0.079175976 0.023946992 -0.070023608 -0.027892544
4.59 0.078477461 0.023668587 -0.069680819 -0.027789175
4.6 0.07778236 0.023391209 -0.069341048 -0.027687006
4.61 0.07709064 0.023114846 -0.069004283 -0.027586033
4.62 0.076402274 0.022839488 -0.068670507 -0.027486252
4.63 0.07571723 0.022565121 -0.068339708 -0.027387659
4.64 0.07503548 0.022291735 -0.068011871 -0.027290251
4.65 0.074356993 0.022019316 -0.067686983 -0.027194022
4.66 0.07368174 0.021747854 -0.067365029 -0.027098969
4.67 0.073009692 0.021477337 -0.067045996 -0.027005089
4.68 0.07234082 0.021207753 -0.066729871 -0.026912376
4.69 0.071675095 0.020939089 -0.06641664 -0.026820829
4.7 0.071012488 0.020671336 -0.066106289 -0.026730442
4.71 0.070352969 0.020404481 -0.065798806 -0.026641212
4.72 0.069696511 0.020138512 -0.065494177 -0.026553135
4.73 0.069043086 0.019873418 -0.06519239 -0.026466208
4.74 0.068392664 0.019609188 -0.064893432 -0.026380427
4.75 0.067745217 0.019345809 -0.06459729 -0.026295788
4.76 0.067100718 0.019083272 -0.064303951 -0.026212289
4.77 0.066459138 0.018821564 -0.064013403 -0.026129925
4.78 0.06582045 0.018560673 -0.063725633 -0.026048693
4.79 0.065184626 0.01830059 -0.06344063 -0.025968591
4.8 0.064551637 0.018041302 -0.063158381 -0.025889613
4.81 0.063921458 0.017782798 -0.062878873 -0.025811758
4.82 0.06329406 0.017525066 -0.062602096 -0.025735022
4.83 0.062669416 0.017268097 -0.062328038 -0.025659401
4.84 0.062047499 0.017011878 -0.062056686 -0.025584894
4.85 0.061428282 0.016756399 -0.061788028 -0.025511495
4.86 0.060811739 0.016501649 -0.061522055 -0.025439204
4.87 0.060197841 0.016247615 -0.061258754 -0.025368015
4.88 0.059586564 0.015994288 -0.060998113 -0.025297928
4.89 0.058977879 0.015741657 -0.060740123 -0.025228937
4.9 0.058371761 0.015489709 -0.060484771 -0.025161042
4.91 0.057768184 0.015238436 -0.060232047 -0.025094238
4.92 0.05716712 0.014987825 -0.059981939 -0.025028524
4.93 0.056568545 0.014737865 -0.059734439 -0.024963896
4.94 0.055972432 0.014488547 -0.059489534 -0.024900351
4.95 0.055378754 0.014239858 -0.059247214 -0.024837887
4.96 0.054787487 0.013991789 -0.059007469 -0.024776502
4.97 0.054198605 0.013744328 -0.058770288 -0.024716193
4.98 0.053612082 0.013497465 -0.058535662 -0.024656956
4.99 0.053027892 0.013251189 -0.05830358 -0.024598791
5 0.05244601 0.013005489 -0.058074032 -0.024541694
5.01 0.051866411 0.012760355 -0.057847009 -0.024485663
5.02 0.05128907 0.012515776 -0.057622501 -0.024430695
5.03 0.050713961 0.012271741 -0.057400498 -0.024376789
5.04 0.05014106 0.01202824 -0.05718099 -0.024323942
5.05 0.049570341 0.011785263 -0.056963969 -0.024272151
5.06 0.049001781 0.011542797 -0.056749424 -0.024221416
5.07 0.048435353 0.011300834 -0.056537347 -0.024171732
5.08 0.047871034 0.011059363 -0.056327728 -0.0241231
5.09 0.047308798 0.010818372 -0.056120559 -0.024075515
5.1 0.046748622 0.010577852 -0.055915831 -0.024028977
5.11 0.046190482 0.010337793 -0.055713534 -0.023983483
5.12 0.045634352 0.010098183 -0.055513661 -0.023939032
5.13 0.045080209 0.0098590121 -0.055316201 -0.023895622
5.14 0.044528028 0.0096202704 -0.055121148 -0.02385325
5.15 0.043977786 0.0093819471 -0.054928492 -0.023811915
5.16 0.043429458 0.0091440321 -0.054738226 -0.023771616
5.17 0.042883021 0.0089065148 -0.054550341 -0.02373235
5.18 0.042338451 0.0086693851 -0.054364829 -0.023694116
5.19 0.041795725 0.0084326325 -0.054181681 -0.023656912
5.2 0.041254818 0.0081962468 -0.054000891 -0.023620737
5.21 0.040715707 0.0079602178 -0.05382245 -0.02358559
5.22 0.040178369 0.007724535 -0.053646351 -0.023551468
5.23 0.03964278 0.0074891884 -0.053472586 -0.02351837
5.24 0.039108917 0.0072541676 -0.053301148 -0.023486296
5.25 0.038576757 0.0070194625 -0.053132028 -0.023455243
5.26 0.038046276 0.0067850628 -0.052965221 -0.02342521
5.27 0.037517452 0.0065509583 -0.052800718 -0.023396196
5.28 0.036990262 0.0063171389 -0.052638513 -0.0233682
5.29 0.036464682 0.0060835943 -0.052478598 -0.023341221
5.3 0.03594069 0.0058503145 -0.052320967 -0.023315257
5.31 0.035418263 0.0056172892 -0.052165613 -0.023290307
5.32 0.034897378 0.0053845083 -0.052012529 -0.023266371
5.33 0.034378012 0.0051519618 -0.051861709 -0.023243447
5.34 0.033860144 0.0049196394 -0.051713146 -0.023221535
5.35 0.033343749 0.0046875311 -0.051566833 -0.023200633
5.36 0.032828807 0.0044556267 -0.051422765 -0.02318074
5.37 0.032315294 0.0042239163 -0.051280935 -0.023161857
5.38 0.031803188 0.0039923896 -0.051141337 -0.023143981
5.39 0.031292467 0.0037610366 -0.051003965 -0.023127112
5.4 0.030783109 0.0035298473 -0.050868812 -0.02311125
5.41 0.030275091 0.0032988116 -0.050735875 -0.023096394
5.42 0.029768392 0.0030679195 -0.050605145 -0.023082543
5.43 0.029262988 0.0028371608 -0.050476618 -0.023069696
5.44 0.028758859 0.0026065256 -0.050350289 -0.023057854
5.45 0.028255982 0.0023760037 -0.050226152 -0.023047015
5.46 0.027754336 0.0021455852 -0.0501042 -0.02303718
5.47 0.027253899 0.0019152601 -0.04998443 -0.023028347
5.48 0.026754648 0.0016850183 -0.049866836 -0.023020517
5.49 0.026256562 0.0014548498 -0.049751413 -0.023013688
5.5 0.025759619 0.0012247445 -0.049638156 -0.023007862
5.51 0.025263799 0.00099469254 -0.04952706 -0.023003037
5.52 0.024769078 0.00076468379 -0.04941812 -0.022999214
5.53 0.024275436 0.00053470827 -0.049311331 -0.022996392
5.54 0.023782852 0.00030475596 -0.04920669 -0.02299457
5.55 0.023291303 7.481686e-05 -0.049104191 -0.022993751
5.56 0.022800768 -0.00015511905 -0.049003829 -0.022993932
5.57 0.022311226 -0.00038506177 -0.048905602 -0.022995114
5.58 0.021822656 -0.00061502132 -0.048809503 -0.022997297
5.59 0.021335036 -0.00084500772 -0.04871553 -0.023000482
5.6 0.020848345 -0.001075031 -0.048623678 -0.023004668
5.61 0.020362562 -0.0013051011 -0.048533943 -0.023009856
5.62 0.019877666 -0.0015352281 -0.048446321 -0.023016045
5.63 0.019393636 -0.001765422 -0.048360809 -0.023023237
5.64 0.01891045 -0.0019956928 -0.048277402 -0.023031431
5.65 0.018428088 -0.0022260506 -0.048196098 -0.023040628
5.66 0.017946528 -0.0024565054 -0.048116892 -0.023050829
5.67 0.01746575 -0.0026870672 -0.048039782 -0.023062033
5.68 0.016985733 -0.002917746 -0.047964763 -0.023074241
5.69 0.016506455 -0.003148552 -0.047891834 -0.023087454
5.7 0.016027896 -0.0033794951 -0.047820989 -0.023101673
5.71 0.015550035 -0.0036105855 -0.047752227 -0.023116897
5.72 0.015072851 -0.0038418331 -0.047685544 -0.023133128
5.73 0.014596324 -0.004073248 -0.047620938 -0.023150367
5.74 0.014120433 -0.0043048404 -0.047558406 -0.023168613
5.75 0.013645156 -0.0045366203 -0.047497945 -0.023187869
5.76 0.013170474 -0.0047685978 -0.047439552 -0.023208135
5.77 0.012696365 -0.005000783 -0.047383225 -0.023229411
5.78 0.012222809 -0.005233186 -0.047328962 -0.023251699
5.79 0.011749786 -0.005465817 -0.04727676 -0.023274999
5.8 0.011277274 -0.005698686 -0.047226616 -0.023299313
5.81 0.010805253 -0.0059318032 -0.04717853 -0.023324642
5.82 0.010333703 -0.0061651788 -0.047132498 -0.023350986
5.83 0.0098626035 -0.006398823 -0.047088518 -0.023378348
5.84 0.0093919331 -0.0066327458 -0.047046589 -0.023406728
5.85 0.0089216717 -0.0068669575 -0.04700671 -0.023436127
5.86 0.0084517989 -0.0071014683 -0.046968877 -0.023466547
5.87 0.0079822942 -0.0073362884 -0.04693309 -0.023497989
5.88 0.0075131371 -0.0075714281 -0.046899347 -0.023530454
5.89 0.0070443072 -0.0078068975 -0.046867647 -0.023563944
5.9 0.0065757841 -0.008042707 -0.046837988 -0.02359846
5.91 0.0061075475 -0.0082788667 -0.046810368 -0.023634005
5.92 0.0056395768 -0.0085153871 -0.046784788 -0.023670578
5.93 0.0051718517 -0.0087522783 -0.046761245 -0.023708183
5.94 0.0047043519 -0.0089895507 -0.046739738 -0.02374682
5.95 0.004237057 -0.0092272147 -0.046720268 -0.023786492
5.96 0.0037699465 -0.0094652806 -0.046702832 -0.023827199
5.97 0.0033030003 -0.0097037587 -0.04668743 -0.023868945
5.98 0.0028361979 -0.0099426595 -0.046674062 -0.02391173
5.99 0.0023695191 -0.010181993 -0.046662726 -0.023955556
6 0.0019029434 -0.010421771 -0.046653423 -0.024000426
6.01 0.0014364506 -0.010662002 -0.046646152 -0.024046341
6.02 0.0009700204 -0.010902697 -0.046640912 -0.024093304
6.03 0.00050363239 -0.011143868 -0.046637704 -0.024141316
6.04 3.7266314e-05 -0.011385524 -0.046636527 -0.02419038
6.05 -0.00042909815 -0.011627676 -0.046637382 -0.024240497
6.06 -0.00089548132 -0.011870334 -0.046640268 -0.02429167
6.07 -0.0013619035 -0.012113509 -0.046645185 -0.024343901
6.08 -0.001828385 -0.012357212 -0.046652134 -0.024397193
6.09 -0.0022949462 -0.012601453 -0.046661115 -0.024451547
6.1 -0.0027616073 -0.012846243 -0.046672128 -0.024506967
6.11 -0.0032283887 -0.013091592 -0.046685174 -0.024563454
6.12 -0.0036953108 -0.013337512 -0.046700254 -0.02462101
6.13 -0.0041623938 -0.013584012 -0.046717367 -0.02467964
6.14 -0.0046296581 -0.013831105 -0.046736516 -0.024739344
6.15 -0.0050971241 -0.014078799 -0.0467577 -0.024800126
6.16 -0.0055648121 -0.014327107 -0.046780921 -0.024861988
6.17 -0.0060327426 -0.014576039 -0.046806179 -0.024924933
6.18 -0.0065009357 -0.014825606 -0.046833476 -0.024988964
6.19 -0.0069694121 -0.015075818 -0.046862813 -0.025054083
6.2 -0.007438192 -0.015326687 -0.046894192 -0.025120294
6.21 -0.0079072959 -0.015578224 -0.046927613 -0.025187598
6.22 -0.0083767443 -0.015830439 -0.046963078 -0.025256
6.23 -0.0088465575 -0.016083344 -0.047000588 -0.025325502
6.24 -0.009316756 -0.016336949 -0.047040146 -0.025396108
6.25 -0.0097873604 -0.016591266 -0.047081753 -0.025467819
6.26 -0.010258391 -0.016846306 -0.04712541 -0.02554064
6.27 -0.010729869 -0.017102079 -0.04717112 -0.025614574
6.28 -0.011201813 -0.017358597 -0.047218885 -0.025689623
6.29 -0.011674246 -0.017615872 -0.047268707 -0.025765791
6.3 -0.012147188 -0.017873913 -0.047320587 -0.025843082
6.31 -0.012620658 -0.018132733 -0.047374529 -0.025921498
6.32 -0.013094678 -0.018392343 -0.047430534 -0.026001044
6.33 -0.013569269 -0.018652754 -0.047488606 -0.026081722
6.34 -0.01404445 -0.018913978 -0.047548745 -0.026163536
6.35 -0.014520244 -0.019176025 -0.047610956 -0.02624649
6.36 -0.014996669 -0.019438907 -0.047675241 -0.026330587
6.37 -0.015473749 -0.019702637 -0.047741603 -0.026415831
6.38 -0.015951502 -0.019967224 -0.047810044 -0.026502226
6.39 -0.016429949 -0.020232681 -0.047880567 -0.026589775
6.4 -0.016909113 -0.02049902 -0.047953177 -0.026678483
6.41 -0.017389013 -0.020766251 -0.048027875 -0.026768352
6.42 -0.01786967 -0.021034387 -0.048104665 -0.026859388
6.43 -0.018351106 -0.021303439 -0.04818355 -0.026951594
6.44 -0.018833341 -0.021573418 -0.048264534 -0.027044974
6.45 -0.019316397 -0.021844338 -0.048347621 -0.027139531
6.46 -0.019800294 -0.022116209 -0.048432813 -0.027235271
6.47 -0.020285053 -0.022389043 -0.048520116 -0.027332198
6.48 -0.020770696 -0.022662853 -0.048609531 -0.027430315
6.49 -0.021257244 -0.02293765 -0.048701065 -0.027529627
6.5 -0.021744717 -0.023213446 -0.048794719 -0.027630138
6.51 -0.022233138 -0.023490253 -0.048890499 -0.027731853
6.52 -0.022722527 -0.023768083 -0.048988409 -0.027834775
6.53 -0.023212906 -0.024046948 -0.049088452 -0.027938911
6.54 -0.023704297 -0.024326861 -0.049190634 -0.028044263
6.55 -0.024196719 -0.024607833 -0.049294958 -0.028150837
6.56 -0.024690196 -0.024889878 -0.04940143 -0.028258637
6.57 -0.025184748 -0.025173006 -0.049510054 -0.028367668
6.58 -0.025680397 -0.025457231 -0.049620834 -0.028477935
6.59 -0.026177164 -0.025742565 -0.049733776 -0.028589442
6.6 -0.026675072 -0.02602902 -0.049848884 -0.028702195
6.61 -0.027174142 -0.026316609 -0.049966163 -0.028816198
6.62 -0.027674396 -0.026605344 -0.050085619 -0.028931456
6.63 -0.028175854 -0.026895238 -0.050207257 -0.029047975
6.64 -0.028678541 -0.027186303 -0.050331081 -0.029165759
6.65 -0.029182476 -0.027478553 -0.050457098 -0.029284813
6.66 -0.029687683 -0.027772 -0.050585313 -0.029405143
6.67 -0.030194182 -0.028066656 -0.050715732 -0.029526754
6.68 -0.030701997 -0.028362535 -0.050848359 -0.029649651
6.69 -0.03121115 -0.028659649 -0.050983202 -0.02977384
6.7 -0.031721661 -0.028958012 -0.051120265 -0.029899326
6.71 -0.032233555 -0.029257635 -0.051259555 -0.030026114
6.72 -0.032746853 -0.029558534 -0.051401078 -0.03015421
6.73 -0.033261577 -0.02986072 -0.05154484 -0.03028362
6.74 -0.033777749 -0.030164206 -0.051690848 -0.030414348
6.75 -0.034295393 -0.030469007 -0.051839107 -0.030546402
6.76 -0.034814531 -0.030775134 -0.051989624 -0.030679786
6.77 -0.035335186 -0.031082602 -0.052142405 -0.030814507
6.78 -0.03585738 -0.031391424 -0.052297458 -0.03095057
6.79 -0.036381135 -0.031701614 -0.052454789 -0.031087981
6.8 -0.036906475 -0.032013184 -0.052614405 -0.031226747
6.81 -0.037433423 -0.032326149 -0.052776313 -0.031366873
6.82 -0.037962002 -0.032640522 -0.05294052 -0.031508365
6.83 -0.038492234 -0.032956316 -0.053107032 -0.031651229
6.84 -0.039024142 -0.033273546 -0.053275859 -0.031795473
6.85 -0.039557751 -0.033592226 -0.053447005 -0.031941101
6.86 -0.040093082 -0.033912368 -0.05362048 -0.032088121
6.87 -0.04063016 -0.034233988 -0.053796291 -0.032236538
6.88 -0.041169008 -0.034557099 -0.053974445 -0.03238636
6.89 -0.041709649 -0.034881715 -0.05415495 -0.032537593
6.9 -0.042252107 -0.035207851 -0.054337814 -0.032690243
6.91 -0.042796406 -0.03553552 -0.054523045 -0.032844317
6.92 -0.043342568 -0.035864737 -0.054710651 -0.032999821
6.93 -0.043890619 -0.036195517 -0.054900641 -0.033156763
6.94 -0.044440581 -0.036527873 -0.055093021 -0.03331515
6.95 -0.044992479 -0.03686182 -0.055287802 -0.033474988
6.96 -0.045546337 -0.037197372 -0.055484991 -0.033636283
6.97 -0.046102179 -0.037534545 -0.055684597 -0.033799045
6.98 -0.046660029 -0.037873353 -0.055886628 -0.033963278
6.99 -0.047219912 -0.038213811 -0.056091094 -0.034128991
7 -0.047781851 -0.038555933 -0.056298003 -0.03429619
