0 1 0 0 0.81698709
0.01 1.0000097 0.0081698709 0.001932528 0.81676343
0.02 1.0000387 0.016335269 0.0038512335 0.81609312
0.03 1.0000867 0.024491733 0.0057424026 0.81497808
0.04 1.0001535 0.03263483 0.0075925364 0.81342154
0.05 1.0002386 0.040760164 0.0093884537 0.81142793
0.06 1.0003413 0.048863389 0.011117389 0.8090029
0.07 1.0004609 0.056940222 0.012767082 0.80615323
0.08 1.0005966 0.064986453 0.014325862 0.80288677
0.09 1.0007474 0.072997957 0.015782718 0.79921236
0.1 1.0009123 0.0809707 0.017127363 0.79513978
0.11 1.00109 0.088900752 0.018350286 0.79067961
0.12 1.0012793 0.096784292 0.019442795 0.78584321
0.13 1.0014788 0.10461762 0.020397042 0.78064254
0.14 1.0016872 0.11239714 0.021206049 0.77509018
0.15 1.0019029 0.12011942 0.021863714 0.76919912
0.16 1.0021245 0.12778113 0.022364812 0.76298276
0.17 1.0023502 0.13537907 0.022704983 0.75645479
0.18 1.0025786 0.14291022 0.022880722 0.7496291
0.19 1.0028079 0.15037166 0.022889348 0.74251974
0.2 1.0030364 0.15776062 0.022728979 0.73514079
0.21 1.0032624 0.16507447 0.022398495 0.72750636
0.22 1.0034843 0.17231074 0.021897502 0.71963047
0.23 1.0037004 0.17946708 0.021226285 0.71152704
0.24 1.0039089 0.18654128 0.02038577 0.70320983
0.25 1.0041081 0.19353128 0.019377477 0.6946924
0.26 1.0042964 0.20043513 0.01820347 0.68598806
0.27 1.0044722 0.20725104 0.016866315 0.67710985
0.28 1.0046337 0.21397733 0.015369034 0.66807052
0.29 1.0047795 0.22061245 0.013715057 0.6588825
0.3 1.004908 0.22715498 0.011908182 0.64955789
0.31 1.0050177 0.23360361 0.0099525314 0.64010845
0.32 1.0051071 0.23995715 0.0078525104 0.63054557
0.33 1.0051747 0.24621453 0.0056127716 0.62088028
0.34 1.0052193 0.25237476 0.0032381775 0.61112327
0.35 1.0052395 0.25843699 0.00073376661 0.60128482
0.36 1.005234 0.26440046 -0.0018952779 0.5913749
0.37 1.0052016 0.27026449 -0.0046436578 0.58140306
0.38 1.0051411 0.27602852 -0.0075059868 0.57137854
0.39 1.0050515 0.28169206 -0.010476816 0.56131019
0.4 1.0049316 0.28725473 -0.013550656 0.55120654
0.41 1.0047805 0.2927162 -0.016721999 0.54107575
0.42 1.0045972 0.29807624 -0.019985337 0.53092569
0.43 1.0043808 0.30333471 -0.023335181 0.52076385
0.44 1.0041304 0.30849152 -0.026766074 0.51059746
0.45 1.0038454 0.31354666 -0.030272607 0.5004334
0.46 1.003525 0.31850019 -0.033849429 0.49027827
0.47 1.0031684 0.32335223 -0.037491263 0.48013837
0.48 1.0027752 0.32810296 -0.04119291 0.47001974
0.49 1.0023446 0.33275263 -0.044949263 0.45992811
0.5 1.0018762 0.33730153 -0.048755312 0.44986897
0.51 1.0013695 0.34175001 -0.052606149 0.43984755
0.52 1.0008241 0.34609848 -0.056496977 0.42986884
0.53 1.0002395 0.35034739 -0.060423114 0.41993756
0.54 0.99961559 0.35449724 -0.064379996 0.41005823
0.55 0.99895194 0.35854856 -0.06836318 0.40023514
0.56 0.99824833 0.36250194 -0.072368348 0.39047234
0.57 0.99750457 0.36635801 -0.07639131 0.38077368
0.58 0.9967205 0.37011742 -0.080428003 0.37114282
0.59 0.99589601 0.37378087 -0.084474494 0.36158322
0.6 0.99503101 0.37734908 -0.088526979 0.35209812
0.61 0.99412547 0.38082283 -0.092581788 0.34269061
0.62 0.99317937 0.3842029 -0.096635376 0.33336359
0.63 0.99219276 0.3874901 -0.10068433 0.32411978
0.64 0.99116569 0.3906853 -0.10472538 0.31496173
0.65 0.99009825 0.39378934 -0.10875535 0.30589186
0.66 0.98899058 0.39680313 -0.11277123 0.29691239
0.67 0.98784282 0.39972759 -0.11677011 0.28802542
0.68 0.98665517 0.40256364 -0.12074922 0.27923289
0.69 0.98542784 0.40531225 -0.1247059 0.2705366
0.7 0.98416106 0.40797438 -0.12863762 0.26193821
0.71 0.98285509 0.41055102 -0.13254196 0.25343926
0.72 0.98151022 0.41304317 -0.13641663 0.24504116
0.73 0.98012675 0.41545184 -0.14025944 0.23674517
0.74 0.97870503 0.41777807 -0.14406832 0.22855247
0.75 0.97724539 0.42002289 -0.1478413 0.2204641
0.76 0.9757482 0.42218736 -0.15157655 0.212481
0.77 0.97421385 0.42427251 -0.15527229 0.204604
0.78 0.97264275 0.42627944 -0.1589269 0.19683381
0.79 0.97103532 0.42820919 -0.16253882 0.18917107
0.8 0.96939198 0.43006286 -0.16610659 0.1816163
0.81 0.96771318 0.43184152 -0.16962888 0.17416994
0.82 0.9659994 0.43354626 -0.1731044 0.16683234
0.83 0.9642511 0.43517817 -0.17653199 0.15960375
0.84 0.96246876 0.43673834 -0.17991057 0.15248436
0.85 0.96065288 0.43822786 -0.18323912 0.14547427
0.86 0.95880398 0.43964782 -0.18651673 0.13857349
0.87 0.95692255 0.44099933 -0.18974256 0.13178198
0.88 0.95500912 0.44228346 -0.19291584 0.12509961
0.89 0.95306423 0.44350132 -0.19603588 0.11852621
0.9 0.95108841 0.44465399 -0.19910207 0.11206151
0.91 0.94908219 0.44574255 -0.20211384 0.10570521
0.92 0.94704613 0.4467681 -0.20507071 0.099456937
0.93 0.94498078 0.44773169 -0.20797227 0.093316257
0.94 0.94288668 0.44863442 -0.21081816 0.087282693
0.95 0.94076441 0.44947735 -0.21360808 0.081355713
0.96 0.93861452 0.45026154 -0.21634178 0.075534736
0.97 0.93643758 0.45098804 -0.21901909 0.069819135
0.98 0.93423414 0.45165792 -0.22163985 0.064208242
0.99 0.93200478 0.45227221 -0.224204 0.058701345
1 0.92975006 0.45283195 -0.2267115 0.053297694
1.01 0.92747055 0.45333816 -0.22916235 0.047996502
1.02 0.92516681 0.45379188 -0.23155661 0.042796947
1.03 0.92283942 0.4541941 -0.23389437 0.037698174
1.04 0.92048892 0.45454584 -0.23617578 0.032699299
1.05 0.9181159 0.45484809 -0.23840101 0.027799408
1.06 0.9157209 0.45510183 -0.24057026 0.02299756
1.07 0.91330449 0.45530804 -0.24268379 0.018292789
1.08 0.91086723 0.45546769 -0.24474187 0.013684107
1.09 0.90840966 0.45558173 -0.24674482 0.009170502
1.1 0.90593233 0.4556511 -0.24869296 0.004750945
1.11 0.9034358 0.45567674 -0.25058667 0.00042438708
1.12 0.9009206 0.45565959 -0.25242635 -0.0038102371
1.13 0.89838727 0.45560054 -0.2542124 -0.0079540078
1.14 0.89583635 0.45550051 -0.25594527 -0.012008019
1.15 0.89326837 0.45536038 -0.25762542 -0.015973378
1.16 0.89068384 0.45518104 -0.25925334 -0.019851201
1.17 0.8880833 0.45496336 -0.26082951 -0.023642616
1.18 0.88546725 0.45470819 -0.26235448 -0.027348757
1.19 0.88283621 0.45441638 -0.26382876 -0.030970769
1.2 0.88019068 0.45408877 -0.26525291 -0.034509799
1.21 0.87753115 0.45372619 -0.26662749 -0.037967001
1.22 0.87485813 0.45332943 -0.26795309 -0.041343533
1.23 0.87217209 0.45289932 -0.26923029 -0.044640555
1.24 0.86947352 0.45243662 -0.27045969 -0.047859229
1.25 0.86676289 0.45194213 -0.27164191 -0.051000719
1.26 0.86404068 0.45141661 -0.27277755 -0.054066186
1.27 0.86130734 0.45086081 -0.27386725 -0.057056795
1.28 0.85856334 0.45027547 -0.27491165 -0.059973705
1.29 0.85580911 0.44966133 -0.27591137 -0.062818075
1.3 0.85304511 0.44901911 -0.27686707 -0.065591059
1.31 0.85027177 0.44834951 -0.27777939 -0.06829381
1.32 0.84748952 0.44765324 -0.27864899 -0.070927473
1.33 0.84469879 0.44693096 -0.27947652 -0.073493189
1.34 0.84189999 0.44618337 -0.28026265 -0.075992096
1.35 0.83909354 0.44541112 -0.28100802 -0.078425321
1.36 0.83627983 0.44461487 -0.28171332 -0.080793987
1.37 0.83345927 0.44379524 -0.28237918 -0.08309921
1.38 0.83063225 0.44295288 -0.28300629 -0.085342097
1.39 0.82779914 0.4420884 -0.28359529 -0.087523745
1.4 0.82496034 0.44120241 -0.28414685 -0.089645246
1.41 0.82211621 0.4402955 -0.28466162 -0.091707681
1.42 0.81926711 0.43936825 -0.28514027 -0.09371212
1.43 0.8164134 0.43842125 -0.28558345 -0.095659626
1.44 0.81355544 0.43745506 -0.2859918 -0.09755125
1.45 0.81069357 0.43647023 -0.28636597 -0.099388033
1.46 0.80782812 0.4354673 -0.28670662 -0.10117101
1.47 0.80495943 0.43444681 -0.28701437 -0.10290119
1.48 0.80208783 0.43340928 -0.28728987 -0.10457958
1.49 0.79921364 0.43235522 -0.28753374 -0.1062072
1.5 0.79633716 0.43128513 -0.28774661 -0.10778501
1.51 0.7934587 0.43019952 -0.2879291 -0.10931399
1.52 0.79057858 0.42909885 -0.28808182 -0.1107951
1.53 0.78769707 0.42798362 -0.2882054 -0.1122293
1.54 0.78481447 0.42685427 -0.28830042 -0.11361752
1.55 0.78193106 0.42571126 -0.28836749 -0.11496069
1.56 0.77904712 0.42455505 -0.28840721 -0.11625971
1.57 0.77616291 0.42338607 -0.28842014 -0.11751549
1.58 0.77327871 0.42220474 -0.28840688 -0.11872892
1.59 0.77039478 0.42101149 -0.288368 -0.11990087
1.6 0.76751135 0.41980673 -0.28830406 -0.12103221
1.61 0.7646287 0.41859085 -0.28821562 -0.12212378
1.62 0.76174704 0.41736425 -0.28810322 -0.12317642
1.63 0.75886663 0.41612732 -0.28796743 -0.12419095
1.64 0.75598769 0.41488043 -0.28780876 -0.1251682
1.65 0.75311046 0.41362396 -0.28762776 -0.12610895
1.66 0.75023514 0.41235825 -0.28742495 -0.127014
1.67 0.74736196 0.41108368 -0.28720083 -0.12788412
1.68 0.74449112 0.40980057 -0.28695592 -0.12872008
1.69 0.74162284 0.40850927 -0.28669072 -0.12952262
1.7 0.73875731 0.40721012 -0.28640573 -0.13029247
1.71 0.73589472 0.40590342 -0.28610142 -0.13103038
1.72 0.73303528 0.40458951 -0.28577827 -0.13173704
1.73 0.73017916 0.40326868 -0.28543676 -0.13241316
1.74 0.72732654 0.40194125 -0.28507736 -0.13305943
1.75 0.72447761 0.4006075 -0.2847005 -0.13367653
1.76 0.72163253 0.39926772 -0.28430665 -0.13426511
1.77 0.71879148 0.39792219 -0.28389625 -0.13482585
1.78 0.71595461 0.3965712 -0.28346972 -0.13535936
1.79 0.71312208 0.39521501 -0.2830275 -0.1358663
1.8 0.71029406 0.39385387 -0.28257 -0.13634727
1.81 0.70747068 0.39248806 -0.28209764 -0.13680288
1.82 0.70465211 0.39111782 -0.28161082 -0.13723373
1.83 0.70183847 0.38974339 -0.28110994 -0.13764041
1.84 0.69902991 0.38836501 -0.28059538 -0.13802349
1.85 0.69622656 0.38698292 -0.28006754 -0.13838353
1.86 0.69342856 0.38559734 -0.27952678 -0.13872108
1.87 0.69063602 0.38420849 -0.27897348 -0.1390367
1.88 0.68784909 0.3828166 -0.27840799 -0.1393309
1.89 0.68506786 0.38142188 -0.27783069 -0.13960422
1.9 0.68229247 0.38002452 -0.2772419 -0.13985716
1.91 0.67952303 0.37862473 -0.27664198 -0.14009022
1.92 0.67675963 0.37722271 -0.27603127 -0.14030391
1.93 0.6740024 0.37581865 -0.27541008 -0.14049869
1.94 0.67125143 0.37441274 -0.27477875 -0.14067504
1.95 0.66850683 0.37300515 -0.27413758 -0.14083343
1.96 0.66576868 0.37159607 -0.2734869 -0.14097431
1.97 0.66303709 0.37018567 -0.272827 -0.14109812
1.98 0.66031214 0.36877411 -0.27215818 -0.1412053
1.99 0.65759392 0.36736156 -0.27148074 -0.14129627
2 0.65488252 0.36594818 -0.27079495 -0.14137146
2.01 0.65217802 0.36453413 -0.2701011 -0.14143126
2.02 0.6494805 0.36311956 -0.26939947 -0.1414761
2.03 0.64679004 0.36170461 -0.26869031 -0.14150634
2.04 0.6441067 0.36028943 -0.2679739 -0.14152239
2.05 0.64143056 0.35887416 -0.26725049 -0.14152461
2.06 0.63876169 0.35745894 -0.26652034 -0.14151338
2.07 0.63610015 0.3560439 -0.26578368 -0.14148905
2.08 0.63344601 0.35462916 -0.26504077 -0.14145198
2.09 0.63079934 0.35321486 -0.26429183 -0.14140251
2.1 0.62816018 0.35180111 -0.26353709 -0.14134098
2.11 0.62552859 0.35038804 -0.26277679 -0.14126772
2.12 0.62290464 0.34897575 -0.26201115 -0.14118305
2.13 0.62028837 0.34756438 -0.26124037 -0.1410873
2.14 0.61767983 0.34615401 -0.26046467 -0.14098076
2.15 0.61507908 0.34474476 -0.25968426 -0.14086375
2.16 0.61248615 0.34333673 -0.25889934 -0.14073656
2.17 0.60990109 0.34193003 -0.25811011 -0.14059947
2.18 0.60732395 0.34052474 -0.25731675 -0.14045278
2.19 0.60475476 0.33912097 -0.25651946 -0.14029676
2.2 0.60219356 0.33771881 -0.25571842 -0.14013167
2.21 0.59964039 0.33631834 -0.25491382 -0.13995779
2.22 0.59709528 0.33491965 -0.25410581 -0.13977538
2.23 0.59455827 0.33352283 -0.25329459 -0.13958467
2.24 0.59202939 0.33212796 -0.25248031 -0.13938594
2.25 0.58950866 0.33073511 -0.25166315 -0.1391794
2.26 0.58699613 0.32934437 -0.25084325 -0.13896531
2.27 0.5844918 0.32795581 -0.25002077 -0.1387439
2.28 0.58199571 0.32656949 -0.24919587 -0.13851537
2.29 0.57950788 0.3251855 -0.2483687 -0.13827997
2.3 0.57702834 0.32380389 -0.2475394 -0.1380379
2.31 0.57455709 0.32242474 -0.24670812 -0.13778938
2.32 0.57209417 0.32104811 -0.24587498 -0.1375346
2.33 0.56963959 0.31967405 -0.24504013 -0.13727378
2.34 0.56719337 0.31830263 -0.24420369 -0.1370071
2.35 0.56475552 0.31693391 -0.2433658 -0.13673476
2.36 0.56232606 0.31556794 -0.24252659 -0.13645695
2.37 0.55990499 0.31420477 -0.24168616 -0.13617385
2.38 0.55749233 0.31284446 -0.24084464 -0.13588563
2.39 0.5550881 0.31148706 -0.24000215 -0.13559247
2.4 0.55269229 0.31013261 -0.23915881 -0.13529455
2.41 0.55030492 0.30878117 -0.23831471 -0.13499202
2.42 0.547926 0.30743277 -0.23746997 -0.13468505
2.43 0.54555552 0.30608746 -0.23662469 -0.1343738
2.44 0.5431935 0.30474529 -0.23577898 -0.13405842
2.45 0.54083994 0.3034063 -0.23493293 -0.13373907
2.46 0.53849484 0.30207051 -0.23408664 -0.13341589
2.47 0.53615821 0.30073798 -0.2332402 -0.13308902
2.48 0.53383004 0.29940873 -0.23239371 -0.1327586
2.49 0.53151033 0.29808281 -0.23154726 -0.13242478
2.5 0.52919909 0.29676024 -0.23070093 -0.13208769
2.51 0.52689632 0.29544105 -0.2298548 -0.13174745
2.52 0.524602 0.29412529 -0.22900897 -0.13140419
2.53 0.52231614 0.29281297 -0.22816351 -0.13105804
2.54 0.52003873 0.29150413 -0.22731849 -0.13070912
2.55 0.51776977 0.29019879 -0.226474 -0.13035754
2.56 0.51550925 0.28889698 -0.22563011 -0.13000342
2.57 0.51325716 0.28759872 -0.22478688 -0.12964688
2.58 0.51101351 0.28630404 -0.2239444 -0.12928802
2.59 0.50877828 0.28501296 -0.22310272 -0.12892695
2.6 0.50655146 0.2837255 -0.22226192 -0.12856378
2.61 0.50433304 0.28244168 -0.22142205 -0.1281986
2.62 0.50212301 0.28116153 -0.22058318 -0.12783151
2.63 0.49992137 0.27988505 -0.21974538 -0.12746262
2.64 0.49772811 0.27861227 -0.21890869 -0.12709201
2.65 0.4955432 0.27734321 -0.21807318 -0.12671978
2.66 0.49336664 0.27607788 -0.21723891 -0.12634601
2.67 0.49119842 0.27481629 -0.21640592 -0.1259708
2.68 0.48903853 0.27355846 -0.21557426 -0.12559423
2.69 0.48688694 0.27230441 -0.214744 -0.12521638
2.7 0.48474365 0.27105414 -0.21391517 -0.12483733
2.71 0.48260863 0.26980766 -0.21308783 -0.12445716
2.72 0.48048189 0.26856499 -0.21226203 -0.12407595
2.73 0.47836339 0.26732614 -0.2114378 -0.12369377
2.74 0.47625313 0.26609112 -0.21061519 -0.12331069
2.75 0.47415109 0.26485993 -0.20979425 -0.1229268
2.76 0.47205725 0.26363258 -0.20897501 -0.12254214
2.77 0.46997159 0.26240908 -0.20815751 -0.1221568
2.78 0.4678941 0.26118944 -0.2073418 -0.12177083
2.79 0.46582475 0.25997367 -0.20652791 -0.12138431
2.8 0.46376354 0.25876176 -0.20571587 -0.12099728
2.81 0.46171044 0.25755372 -0.20490572 -0.12060982
2.82 0.45966543 0.25634956 -0.2040975 -0.12022199
2.83 0.45762849 0.25514928 -0.20329123 -0.11983383
2.84 0.4555996 0.25395289 -0.20248695 -0.1194454
2.85 0.45357875 0.25276037 -0.20168469 -0.11905677
2.86 0.45156591 0.25157175 -0.20088448 -0.11866798
2.87 0.44956106 0.25038701 -0.20008635 -0.11827908
2.88 0.44756418 0.24920617 -0.19929032 -0.11789012
2.89 0.44557525 0.24802921 -0.19849642 -0.11750116
2.9 0.44359425 0.24685615 -0.19770467 -0.11711223
2.91 0.44162116 0.24568697 -0.19691511 -0.11672339
2.92 0.43965595 0.24452168 -0.19612775 -0.11633468
2.93 0.4376986 0.24336027 -0.19534262 -0.11594614
2.94 0.4357491 0.24220275 -0.19455974 -0.11555782
2.95 0.43380741 0.24104912 -0.19377913 -0.11516976
2.96 0.43187351 0.23989936 -0.19300081 -0.11478199
2.97 0.42994739 0.23875348 -0.1922248 -0.11439456
2.98 0.42802902 0.23761147 -0.19145112 -0.1140075
2.99 0.42611837 0.23647333 -0.19067979 -0.11362085
3 0.42421542 0.23533905 -0.18991082 -0.11323465
3.01 0.42232015 0.23420864 -0.18914423 -0.11284892
3.02 0.42043254 0.23308207 -0.18838004 -0.11246372
3.03 0.41855255 0.23195936 -0.18761827 -0.11207905
3.04 0.41668017 0.23084049 -0.18685892 -0.11169497
3.05 0.41481537 0.22972546 -0.18610201 -0.1113115
3.06 0.41295813 0.22861426 -0.18534756 -0.11092866
3.07 0.41110842 0.22750689 -0.18459557 -0.11054649
3.08 0.40926622 0.22640333 -0.18384606 -0.11016502
3.09 0.4074315 0.22530359 -0.18309905 -0.10978428
3.1 0.40560424 0.22420765 -0.18235453 -0.10940428
3.11 0.40378441 0.2231155 -0.18161253 -0.10902506
3.12 0.40197199 0.22202715 -0.18087305 -0.10864664
3.13 0.40016695 0.22094257 -0.18013611 -0.10826905
3.14 0.39836927 0.21986176 -0.1794017 -0.10789231
3.15 0.39657892 0.21878472 -0.17866984 -0.10751644
3.16 0.39479587 0.21771144 -0.17794054 -0.10714146
3.17 0.39302011 0.21664189 -0.17721381 -0.1067674
3.18 0.39125159 0.21557609 -0.17648964 -0.10639427
3.19 0.38949031 0.21451401 -0.17576805 -0.1060221
3.2 0.38773623 0.21345565 -0.17504905 -0.10565091
3.21 0.38598933 0.21240099 -0.17433263 -0.1052807
3.22 0.38424958 0.21135003 -0.17361881 -0.10491152
3.23 0.38251696 0.21030276 -0.17290759 -0.10454336
3.24 0.38079143 0.20925916 -0.17219897 -0.10417625
3.25 0.37907298 0.20821924 -0.17149296 -0.1038102
3.26 0.37736157 0.20718296 -0.17078957 -0.10344524
3.27 0.37565718 0.20615033 -0.17008878 -0.10308137
3.28 0.37395979 0.20512133 -0.16939062 -0.1027186
3.29 0.37226937 0.20409596 -0.16869507 -0.10235697
3.3 0.37058589 0.20307419 -0.16800215 -0.10199647
3.31 0.36890933 0.20205603 -0.16731185 -0.10163712
3.32 0.36723966 0.20104145 -0.16662418 -0.10127894
3.33 0.36557685 0.20003045 -0.16593914 -0.10092194
3.34 0.36392087 0.19902301 -0.16525673 -0.10056613
3.35 0.36227171 0.19801913 -0.16457694 -0.10021151
3.36 0.36062933 0.19701878 -0.16389978 -0.099858112
3.37 0.35899372 0.19602197 -0.16322526 -0.099505935
3.38 0.35736483 0.19502866 -0.16255337 -0.099154991
3.39 0.35574265 0.19403887 -0.1618841 -0.098805291
3.4 0.35412715 0.19305256 -0.16121746 -0.098456844
3.41 0.3525183 0.19206973 -0.16055346 -0.098109659
3.42 0.35091608 0.19109036 -0.15989208 -0.097763746
3.43 0.34932046 0.19011445 -0.15923332 -0.097419113
3.44 0.34773141 0.18914198 -0.15857719 -0.097075768
3.45 0.34614891 0.18817294 -0.15792369 -0.096733719
3.46 0.34457294 0.18720731 -0.1572728 -0.096392974
3.47 0.34300346 0.18624508 -0.15662454 -0.096053539
3.48 0.34144045 0.18528624 -0.15597889 -0.095715422
3.49 0.33988388 0.18433077 -0.15533585 -0.09537863
3.5 0.33833373 0.18337866 -0.15469542 -0.095043168
3.51 0.33678997 0.18242991 -0.15405761 -0.094709044
3.52 0.33525258 0.18148448 -0.1534224 -0.094376261
3.53 0.33372152 0.18054238 -0.15278979 -0.094044827
3.54 0.33219678 0.17960359 -0.15215978 -0.093714746
3.55 0.33067833 0.17866809 -0.15153236 -0.093386024
3.56 0.32916614 0.17773587 -0.15090753 -0.093058664
3.57 0.32766018 0.17680691 -0.1502853 -0.092732672
3.58 0.32616043 0.17588121 -0.14966564 -0.092408052
3.59 0.32466686 0.17495875 -0.14904857 -0.092084808
3.6 0.32317946 0.17403952 -0.14843407 -0.091762943
3.61 0.32169818 0.17312349 -0.14782214 -0.091442461
3.62 0.32022302 0.17221067 -0.14721277 -0.091123367
3.63 0.31875393 0.17130103 -0.14660597 -0.090805661
3.64 0.3172909 0.17039456 -0.14600173 -0.090489349
3.65 0.31583389 0.16949124 -0.14540003 -0.090174433
3.66 0.3143829 0.16859107 -0.14480088 -0.089860914
3.67 0.31293788 0.16769402 -0.14420427 -0.089548796
3.68 0.31149881 0.16680009 -0.1436102 -0.089238081
3.69 0.31006567 0.16590926 -0.14301866 -0.088928771
3.7 0.30863844 0.16502152 -0.14242965 -0.088620867
3.71 0.30721708 0.16413684 -0.14184315 -0.088314372
3.72 0.30580157 0.16325523 -0.14125917 -0.088009288
3.73 0.3043919 0.16237666 -0.14067769 -0.087705614
3.74 0.30298802 0.16150112 -0.14009872 -0.087403354
3.75 0.30158992 0.16062859 -0.13952225 -0.087102507
3.76 0.30019757 0.15975907 -0.13894826 -0.086803075
3.77 0.29881096 0.15889253 -0.13837676 -0.086505059
3.78 0.29743004 0.15802896 -0.13780774 -0.086208459
3.79 0.2960548 0.15716836 -0.13724119 -0.085913276
3.8 0.29468522 0.1563107 -0.13667711 -0.085619511
3.81 0.29332126 0.15545597 -0.13611549 -0.085327164
3.82 0.29196291 0.15460416 -0.13555631 -0.085036234
3.83 0.29061013 0.15375524 -0.13499959 -0.084746723
3.84 0.28926291 0.15290922 -0.13444531 -0.084458629
3.85 0.28792123 0.15206607 -0.13389346 -0.084171954
3.86 0.28658505 0.15122578 -0.13334403 -0.083886696
3.87 0.28525435 0.15038834 -0.13279703 -0.083602856
3.88 0.2839291 0.14955372 -0.13225244 -0.083320432
3.89 0.2826093 0.14872193 -0.13171026 -0.083039426
3.9 0.2812949 0.14789294 -0.13117048 -0.082759834
3.91 0.27998589 0.14706673 -0.13063309 -0.082481658
3.92 0.27868224 0.1462433 -0.13009809 -0.082204897
3.93 0.27738393 0.14542263 -0.12956546 -0.081929548
3.94 0.27609093 0.14460471 -0.12903521 -0.081655613
3.95 0.27480322 0.14378952 -0.12850733 -0.081383088
3.96 0.27352078 0.14297705 -0.1279818 -0.081111974
3.97 0.27224359 0.14216728 -0.12745863 -0.080842269
3.98 0.27097161 0.14136021 -0.12693779 -0.080573972
3.99 0.26970483 0.1405558 -0.1264193 -0.080307082
4 0.26844322 0.13975406 -0.12590314 -0.080041596
4.01 0.26718677 0.13895497 -0.1253893 -0.079777515
4.02 0.26593544 0.13815851 -0.12487777 -0.079514835
4.03 0.26468921 0.13736467 -0.12436855 -0.079253556
4.04 0.26344807 0.13657344 -0.12386164 -0.078993676
4.05 0.26221198 0.1357848 -0.12335702 -0.078735193
4.06 0.26098093 0.13499874 -0.12285468 -0.078478106
4.07 0.25975489 0.13421524 -0.12235463 -0.078222412
4.08 0.25853383 0.13343429 -0.12185684 -0.077968111
4.09 0.25731775 0.13265588 -0.12136132 -0.077715199
4.1 0.25610661 0.13187999 -0.12086806 -0.077463675
4.11 0.25490039 0.1311066 -0.12037705 -0.077213537
4.12 0.25369907 0.13033572 -0.11988828 -0.076964783
4.13 0.25250262 0.12956731 -0.11940175 -0.07671741
4.14 0.25131103 0.12880137 -0.11891745 -0.076471418
4.15 0.25012427 0.12803788 -0.11843536 -0.076226803
4.16 0.24894232 0.12727683 -0.11795549 -0.075983563
4.17 0.24776516 0.12651821 -0.11747783 -0.075741697
4.18 0.24659277 0.125762 -0.11700236 -0.075501201
4.19 0.24542512 0.12500818 -0.11652909 -0.075262074
4.2 0.24426219 0.12425676 -0.116058 -0.075024313
4.21 0.24310396 0.1235077 -0.11558908 -0.074787917
4.22 0.2419504 0.122761 -0.11512234 -0.074552881
4.23 0.24080151 0.12201664 -0.11465775 -0.074319205
4.24 0.23965725 0.12127461 -0.11419533 -0.074086885
4.25 0.2385176 0.1205349 -0.11373504 -0.07385592
4.26 0.23738255 0.11979749 -0.1132769 -0.073626306
4.27 0.23625206 0.11906238 -0.11282089 -0.073398041
4.28 0.23512613 0.11832953 -0.112367 -0.073171123
4.29 0.23400472 0.11759895 -0.11191524 -0.072945549
4.3 0.23288783 0.11687062 -0.11146558 -0.072721317
4.31 0.23177541 0.11614453 -0.11101802 -0.072498423
4.32 0.23066747 0.11542065 -0.11057256 -0.072276866
4.33 0.22956396 0.11469899 -0.11012919 -0.072056643
4.34 0.22846488 0.11397952 -0.1096879 -0.071837751
4.35 0.2273702 0.11326224 -0.10924868 -0.071620187
4.36 0.22627991 0.11254712 -0.10881153 -0.071403948
4.37 0.22519397 0.11183416 -0.10837644 -0.071189033
4.38 0.22411238 0.11112334 -0.1079434 -0.070975438
4.39 0.22303511 0.11041465 -0.1075124 -0.070763161
4.4 0.22196213 0.10970807 -0.10708344 -0.070552199
4.41 0.22089344 0.1090036 -0.10665651 -0.070342549
4.42 0.219829 0.10830122 -0.10623161 -0.070134209
4.43 0.2187688 0.10760092 -0.10580871 -0.069927175
4.44 0.21771283 0.10690268 -0.10538783 -0.069721446
4.45 0.21666105 0.10620649 -0.10496895 -0.069517018
4.46 0.21561345 0.10551234 -0.10455206 -0.069313888
4.47 0.21457001 0.10482021 -0.10413716 -0.069112054
4.48 0.2135307 0.1041301 -0.10372424 -0.068911513
4.49 0.21249552 0.10344198 -0.10331329 -0.068712263
4.5 0.21146444 0.10275585 -0.1029043 -0.0685143
4.51 0.21043744 0.1020717 -0.10249728 -0.068317622
4.52 0.20941449 0.1013895 -0.1020922 -0.068122225
4.53 0.20839559 0.10070925 -0.10168907 -0.067928108
4.54 0.20738071 0.10003094 -0.10128788 -0.067735268
4.55 0.20636983 0.099354547 -0.10088862 -0.067543701
4.56 0.20536294 0.098680064 -0.10049128 -0.067353405
4.57 0.20436001 0.098007479 -0.10009586 -0.067164377
4.58 0.20336102 0.097336777 -0.099702341 -0.066976614
4.59 0.20236596 0.096667946 -0.09931073 -0.066790114
4.6 0.20137481 0.096000975 -0.098921013 -0.066604874
4.61 0.20038754 0.095335849 -0.098533186 -0.066420891
4.62 0.19940414 0.094672557 -0.098147239 -0.066238163
4.63 0.1984246 0.094011086 -0.097763168 -0.066056686
4.64 0.19744888 0.093351423 -0.097380965 -0.065876457
4.65 0.19647698 0.092693557 -0.097000623 -0.065697475
4.66 0.19550887 0.092037474 -0.096622135 -0.065519737
4.67 0.19454453 0.091383162 -0.096245495 -0.065343239
4.68 0.19358396 0.090730609 -0.095870696 -0.065167979
4.69 0.19262712 0.090079802 -0.095497731 -0.064993954
4.7 0.191674 0.08943073 -0.095126593 -0.064821161
4.71 0.19072459 0.088783379 -0.094757277 -0.064649599
4.72 0.18977886 0.088137738 -0.094389774 -0.064479263
4.73 0.18883679 0.087493794 -0.094024079 -0.064310153
4.74 0.18789838 0.086851535 -0.093660185 -0.064142263
4.75 0.18696359 0.086210949 -0.093298086 -0.063975593
4.76 0.18603241 0.085572023 -0.092937774 -0.06381014
4.77 0.18510483 0.084934746 -0.092579244 -0.0636459
4.78 0.18418083 0.084299105 -0.092222488 -0.063482871
4.79 0.18326038 0.083665088 -0.091867501 -0.063321051
4.8 0.18234348 0.083032684 -0.091514275 -0.063160437
4.81 0.1814301 0.08240188 -0.091162805 -0.063001026
4.82 0.18052022 0.081772663 -0.090813084 -0.062842816
4.83 0.17961384 0.081145023 -0.090465105 -0.062685804
4.84 0.17871092 0.080518947 -0.090118863 -0.062529988
4.85 0.17781146 0.079894424 -0.08977435 -0.062375364
4.86 0.17691543 0.07927144 -0.089431561 -0.062221931
4.87 0.17602283 0.078649985 -0.08909049 -0.062069686
4.88 0.17513363 0.078030046 -0.088751129 -0.061918626
4.89 0.17424781 0.077411612 -0.088413473 -0.06176875
4.9 0.17336536 0.076794671 -0.088077516 -0.061620053
4.91 0.17248626 0.076179211 -0.087743251 -0.061472535
4.92 0.17161049 0.075565221 -0.087410673 -0.061326192
4.93 0.17073804 0.074952688 -0.087079774 -0.061181022
4.94 0.1698689 0.0743416 -0.08675055 -0.061037022
4.95 0.16900303 0.073731947 -0.086422993 -0.06089419
4.96 0.16814044 0.073123716 -0.086097098 -0.060752525
4.97 0.16728109 0.072516897 -0.085772859 -0.060612022
4.98 0.16642498 0.071911476 -0.08545027 -0.06047268
4.99 0.16557208 0.071307443 -0.085129324 -0.060334497
5 0.16472239 0.070704786 -0.084810017 -0.06019747
5.01 0.16387588 0.070103494 -0.084492341 -0.060061596
5.02 0.16303254 0.069503554 -0.084176291 -0.059926874
5.03 0.16219236 0.068904956 -0.083861862 -0.059793302
5.04 0.16135531 0.068307688 -0.083549046 -0.059660876
5.05 0.16052138 0.067711739 -0.083237839 -0.059529594
5.06 0.15969055 0.067117096 -0.082928235 -0.059399455
5.07 0.15886281 0.06652375 -0.082620228 -0.059270456
5.08 0.15803815 0.065931687 -0.082313811 -0.059142594
5.09 0.15721654 0.065340898 -0.08200898 -0.059015868
5.1 0.15639797 0.06475137 -0.081705729 -0.058890275
5.11 0.15558242 0.064163092 -0.081404051 -0.058765814
5.12 0.15476989 0.063576053 -0.081103942 -0.058642481
5.13 0.15396034 0.062990243 -0.080805395 -0.058520276
5.14 0.15315378 0.062405648 -0.080508406 -0.058399194
5.15 0.15235017 0.061822259 -0.080212968 -0.058279236
5.16 0.15154952 0.061240063 -0.079919076 -0.058160397
5.17 0.15075179 0.060659051 -0.079626725 -0.058042677
5.18 0.14995698 0.06007921 -0.079335908 -0.057926074
5.19 0.14916508 0.059500529 -0.079046621 -0.057810584
5.2 0.14837605 0.058922998 -0.078758858 -0.057696206
5.21 0.1475899 0.058346605 -0.078472614 -0.057582939
5.22 0.1468066 0.057771339 -0.078187882 -0.057470779
5.23 0.14602614 0.05719719 -0.077904659 -0.057359726
5.24 0.14524851 0.056624145 -0.077622938 -0.057249777
5.25 0.14447368 0.056052194 -0.077342715 -0.057140929
5.26 0.14370165 0.055481326 -0.077063983 -0.057033182
5.27 0.1429324 0.05491153 -0.076786738 -0.056926534
5.28 0.14216592 0.054342796 -0.076510974 -0.056820981
5.29 0.14140218 0.053775111 -0.076236687 -0.056716523
5.3 0.14064118 0.053208465 -0.07596387 -0.056613158
5.31 0.13988291 0.052642848 -0.075692519 -0.056510883
5.32 0.13912733 0.052078247 -0.075422629 -0.056409697
5.33 0.13837445 0.051514654 -0.075154195 -0.056309598
5.34 0.13762425 0.050952055 -0.074887211 -0.056210584
5.35 0.13687671 0.050390442 -0.074621673 -0.056112654
5.36 0.13613182 0.049829802 -0.074357575 -0.056015805
5.37 0.13538956 0.049270126 -0.074094912 -0.055920037
5.38 0.13464992 0.048711402 -0.07383368 -0.055825346
5.39 0.13391288 0.048153619 -0.073573873 -0.055731732
5.4 0.13317844 0.047596767 -0.073315487 -0.055639193
5.41 0.13244657 0.047040835 -0.073058516 -0.055547727
5.42 0.13171727 0.046485813 -0.072802956 -0.055457332
5.43 0.13099051 0.045931688 -0.072548802 -0.055368007
5.44 0.13026629 0.045378452 -0.072296049 -0.05527975
5.45 0.12954459 0.044826093 -0.072044692 -0.055192559
5.46 0.1288254 0.044274601 -0.071794726 -0.055106434
5.47 0.1281087 0.043723965 -0.071546148 -0.055021372
5.48 0.12739448 0.043174174 -0.071298951 -0.054937372
5.49 0.12668272 0.042625217 -0.071053131 -0.054854432
5.5 0.12597341 0.042077085 -0.070808684 -0.054772551
5.51 0.12526655 0.041529766 -0.070565605 -0.054691727
5.52 0.1245621 0.040983251 -0.070323889 -0.054611958
5.53 0.12386007 0.040437527 -0.070083532 -0.054533245
5.54 0.12316043 0.039892586 -0.069844529 -0.054455584
5.55 0.12246318 0.039348416 -0.069606875 -0.054378974
5.56 0.12176829 0.038805006 -0.069370566 -0.054303414
5.57 0.12107577 0.038262347 -0.069135598 -0.054228904
5.58 0.12038558 0.037720428 -0.068901966 -0.05415544
5.59 0.11969773 0.037179238 -0.068669665 -0.054083022
5.6 0.11901219 0.036638768 -0.068438691 -0.054011649
5.61 0.11832895 0.036099005 -0.06820904 -0.053941319
5.62 0.11764801 0.035559941 -0.067980707 -0.053872031
5.63 0.11696934 0.035021565 -0.067753688 -0.053803784
5.64 0.11629293 0.034483866 -0.067527979 -0.053736576
5.65 0.11561878 0.033946833 -0.067303575 -0.053670407
5.66 0.11494686 0.033410458 -0.067080472 -0.053605274
5.67 0.11427717 0.032874728 -0.066858665 -0.053541177
5.68 0.11360969 0.032339634 -0.066638151 -0.053478115
5.69 0.11294441 0.031805166 -0.066418925 -0.053416086
5.7 0.11228131 0.031271312 -0.066200983 -0.05335509
5.71 0.11162039 0.030738064 -0.065984321 -0.053295124
5.72 0.11096162 0.03020541 -0.065768934 -0.053236189
5.73 0.11030501 0.02967334 -0.06555482 -0.053178282
5.74 0.10965053 0.029141844 -0.065341972 -0.053121403
5.75 0.10899817 0.028610912 -0.065130388 -0.053065552
5.76 0.10834792 0.028080533 -0.064920063 -0.053010725
5.77 0.10769977 0.027550697 -0.064710994 -0.052956924
5.78 0.1070537 0.027021395 -0.064503176 -0.052904146
5.79 0.1064097 0.026492614 -0.064296605 -0.052852391
5.8 0.10576777 0.025964347 -0.064091277 -0.052801658
5.81 0.10512788 0.025436581 -0.063887189 -0.052751946
5.82 0.10449002 0.024909308 -0.063684336 -0.052703254
5.83 0.10385419 0.024382516 -0.063482715 -0.05265558
5.84 0.10322037 0.023856196 -0.063282321 -0.052608925
5.85 0.10258855 0.023330338 -0.063083151 -0.052563287
5.86 0.10195871 0.022804931 -0.062885202 -0.052518666
5.87 0.10133084 0.022279964 -0.062688468 -0.05247506
5.88 0.10070494 0.021755429 -0.062492947 -0.052432469
5.89 0.10008098 0.021231315 -0.062298635 -0.052390892
5.9 0.099458965 0.020707612 -0.062105528 -0.052350328
5.91 0.098838873 0.020184309 -0.061913622 -0.052310776
5.92 0.098220693 0.019661396 -0.061722913 -0.052272236
5.93 0.097604414 0.019138864 -0.061533398 -0.052234708
5.94 0.096990025 0.018616702 -0.061345074 -0.052198189
5.95 0.096377513 0.0180949 -0.061157936 -0.05216268
5.96 0.095766866 0.017573448 -0.060971981 -0.05212818
5.97 0.095158073 0.017052336 -0.060787206 -0.052094689
5.98 0.094551122 0.016531554 -0.060603607 -0.052062205
5.99 0.093946001 0.016011092 -0.060421179 -0.052030728
6 0.093342699 0.01549094 -0.060239921 -0.052000258
6.01 0.092741203 0.014971087 -0.060059828 -0.051970793
6.02 0.092141502 0.014451524 -0.059880897 -0.051942334
6.03 0.091543585 0.01393224 -0.059703125 -0.05191488
6.04 0.09094744 0.013413226 -0.059526507 -0.05188843
6.05 0.090353055 0.012894472 -0.059351042 -0.051862985
6.06 0.089760419 0.012375967 -0.059176724 -0.051838542
6.07 0.08916952 0.011857701 -0.059003551 -0.051815102
6.08 0.088580348 0.011339665 -0.05883152 -0.051792665
6.09 0.08799289 0.010821848 -0.058660627 -0.05177123
6.1 0.087407135 0.01030424 -0.058490869 -0.051750797
6.11 0.086823072 0.0097868318 -0.058322243 -0.051731365
6.12 0.08624069 0.0092696128 -0.058154745 -0.051712934
6.13 0.085659978 0.0087525731 -0.057988373 -0.051695503
6.14 0.085080923 0.0082357027 -0.057823122 -0.051679073
6.15 0.084503515 0.0077189917 -0.057658991 -0.051663643
6.16 0.083927743 0.0072024299 -0.057495974 -0.051649212
6.17 0.083353596 0.0066860074 -0.057334071 -0.051635781
6.18 0.082781062 0.0061697143 -0.057173277 -0.051623349
6.19 0.08221013 0.0056535404 -0.057013589 -0.051611916
6.2 0.08164079 0.005137476 -0.056855004 -0.051601482
6.21 0.08107303 0.0046215108 -0.05669752 -0.051592046
6.22 0.08050684 0.004105635 -0.056541133 -0.051583609
6.23 0.079942207 0.0035898386 -0.05638584 -0.05157617
6.24 0.079379123 0.0030741116 -0.056231637 -0.051569729
6.25 0.078817575 0.002558444 -0.056078524 -0.051564286
6.26 0.078257552 0.0020428259 -0.055926495 -0.051559841
6.27 0.077699045 0.0015272472 -0.055775548 -0.051556394
6.28 0.077142041 0.001011698 -0.055625681 -0.051553945
6.29 0.076586531 0.00049616833 -0.055476891 -0.051552493
6.3 0.076032504 -1.9351837e-05 -0.055329174 -0.051552039
6.31 0.075479948 -0.00053487245 -0.055182528 -0.051552583
6.32 0.074928853 -0.0010504035 -0.055036949 -0.051554124
6.33 0.074379209 -0.0015659549 -0.054892436 -0.051556664
6.34 0.073831004 -0.0020815368 -0.054748985 -0.051560201
6.35 0.073284229 -0.002597159 -0.054606594 -0.051564736
6.36 0.072738872 -0.0031128315 -0.054465259 -0.051570269
6.37 0.072194924 -0.0036285643 -0.054324979 -0.0515768
6.38 0.071652373 -0.0041443675 -0.05418575 -0.05158433
6.39 0.071111209 -0.0046602509 -0.054047569 -0.051592858
6.4 0.070571421 -0.0051762246 -0.053910435 -0.051602384
6.41 0.070033 -0.0056922986 -0.053774344 -0.051612909
6.42 0.069495935 -0.0062084828 -0.053639293 -0.051624434
6.43 0.068960214 -0.0067247873 -0.053505281 -0.051636957
6.44 0.068425829 -0.007241222 -0.053372305 -0.05165048
6.45 0.067892768 -0.0077577969 -0.053240361 -0.051665003
6.46 0.067361022 -0.008274522 -0.053109448 -0.051680526
6.47 0.066830579 -0.0087914074 -0.052979563 -0.051697049
6.48 0.066301431 -0.009308463 -0.052850703 -0.051714572
6.49 0.065773565 -0.0098256988 -0.052722866 -0.051733097
6.5 0.065246973 -0.010343125 -0.052596049 -0.051752623
6.51 0.064721644 -0.010860751 -0.052470251 -0.051773151
6.52 0.064197568 -0.011378588 -0.052345468 -0.051794681
6.53 0.063674735 -0.011896645 -0.052221698 -0.051817214
6.54 0.063153134 -0.012414932 -0.052098939 -0.05184075
6.55 0.062632756 -0.01293346 -0.051977188 -0.051865289
6.56 0.06211359 -0.013452238 -0.051856444 -0.051890832
6.57 0.061595627 -0.013971277 -0.051736703 -0.051917379
6.58 0.061078856 -0.014490586 -0.051617964 -0.051944932
6.59 0.060563268 -0.015010175 -0.051500223 -0.05197349
6.6 0.060048852 -0.015530055 -0.05138348 -0.052003054
6.61 0.059535598 -0.016050236 -0.051267731 -0.052033625
6.62 0.059023497 -0.016570728 -0.051152974 -0.052065203
6.63 0.058512539 -0.01709154 -0.051039208 -0.052097789
6.64 0.058002713 -0.017612684 -0.050926429 -0.052131383
6.65 0.05749401 -0.018134168 -0.050814636 -0.052165987
6.66 0.05698642 -0.018656003 -0.050703827 -0.0522016
6.67 0.056479934 -0.0191782 -0.050593999 -0.052238224
6.68 0.05597454 -0.019700768 -0.050485151 -0.05227586
6.69 0.055470231 -0.020223717 -0.050377279 -0.052314507
6.7 0.054966995 -0.020747058 -0.050270383 -0.052354167
6.71 0.054464823 -0.021270801 -0.05016446 -0.05239484
6.72 0.053963706 -0.021794955 -0.050059508 -0.052436528
6.73 0.053463633 -0.022319531 -0.049955525 -0.05247923
6.74 0.052964595 -0.022844539 -0.049852509 -0.052522949
6.75 0.052466583 -0.02336999 -0.049750458 -0.052567684
6.76 0.051969586 -0.023895893 -0.04964937 -0.052613437
6.77 0.051473595 -0.024422259 -0.049549243 -0.052660209
6.78 0.050978601 -0.024949097 -0.049450076 -0.052708
6.79 0.050484594 -0.025476419 -0.049351865 -0.052756811
6.8 0.049991564 -0.026004234 -0.04925461 -0.052806644
6.81 0.049499502 -0.026532552 -0.049158308 -0.052857499
6.82 0.049008398 -0.027061384 -0.049062958 -0.052909377
6.83 0.048518243 -0.027590739 -0.048968557 -0.05296228
6.84 0.048029027 -0.028120629 -0.048875105 -0.053016208
6.85 0.04754074 -0.028651063 -0.048782598 -0.053071162
6.86 0.047053375 -0.029182052 -0.048691036 -0.053127143
6.87 0.04656692 -0.029713606 -0.048600416 -0.053184153
6.88 0.046081366 -0.030245735 -0.048510737 -0.053242193
6.89 0.045596705 -0.03077845 -0.048421998 -0.053301263
6.9 0.045112926 -0.031311761 -0.048334195 -0.053361366
6.91 0.044630021 -0.031845677 -0.048247328 -0.053422501
6.92 0.04414798 -0.032380211 -0.048161396 -0.05348467
6.93 0.043666793 -0.032915371 -0.048076395 -0.053547875
6.94 0.043186452 -0.033451168 -0.047992325 -0.053612117
6.95 0.042706947 -0.033987613 -0.047909184 -0.053677396
6.96 0.042228268 -0.034524716 -0.047826971 -0.053743715
6.97 0.041750407 -0.035062488 -0.047745683 -0.053811074
6.98 0.041273355 -0.035600938 -0.04766532 -0.053879475
6.99 0.040797101 -0.036140077 -0.04758588 -0.053948919
7 0.040321637 -0.036679916 -0.04750736 -0.054019407
