0 1 0 0 0.74446886
0.01 1.0000151 0.0074446886 0.0030181319 0.7441783
0.02 1.0000604 0.014883566 0.006008969 0.74330807
0.03 1.0001353 0.02231085 0.0089455505 0.74186249
0.04 1.0002393 0.029720815 0.011801574 0.73984863
0.05 1.0003713 0.037107822 0.014551704 0.73727627
0.06 1.0005303 0.04446634 0.017171847 0.73415765
0.07 1.0007148 0.051790975 0.019639403 0.73050731
0.08 1.0009231 0.059076486 0.021933472 0.72634185
0.09 1.0011534 0.066317811 0.024035022 0.72167966
0.1 1.0014038 0.073510079 0.025927011 0.71654068
0.11 1.001672 0.080648624 0.027594474 0.71094608
0.12 1.0019557 0.087729 0.029024555 0.70491802
0.13 1.0022525 0.094746985 0.030206517 0.69847939
0.14 1.0025598 0.10169859 0.031131704 0.69165355
0.15 1.0028751 0.10858006 0.031793484 0.68446406
0.16 1.0031957 0.11538787 0.032187159 0.67693455
0.17 1.0035188 0.12211875 0.03230986 0.66908846
0.18 1.0038419 0.12876964 0.032160423 0.6609489
0.19 1.0041621 0.13533772 0.031739262 0.65253851
0.2 1.0044767 0.14182041 0.031048225 0.64387935
0.21 1.004783 0.14821531 0.030090461 0.63499281
0.22 1.0050785 0.15452027 0.028870271 0.62589952
0.23 1.0053604 0.1607333 0.027392981 0.61661929
0.24 1.0056263 0.16685265 0.025664801 0.60717112
0.25 1.0058737 0.17287673 0.023692706 0.5975731
0.26 1.0061002 0.17880412 0.021484317 0.5878425
0.27 1.0063034 0.18463358 0.019047792 0.57799567
0.28 1.0064811 0.19036403 0.016391725 0.56804813
0.29 1.0066312 0.19599454 0.013525056 0.55801453
0.3 1.0067516 0.20152432 0.010456988 0.54790872
0.31 1.0068404 0.20695272 0.0071969101 0.53774373
0.32 1.0068956 0.2122792 0.0037543372 0.52753186
0.33 1.0069155 0.21750336 0.00013884644 0.51728463
0.34 1.0068983 0.2226249 -0.0036399718 0.50701291
0.35 1.0068427 0.22764362 -0.0075725593 0.49672687
0.36 1.0067469 0.23255943 -0.011649429 0.48643607
0.37 1.0066097 0.23737234 -0.015861197 0.47614945
0.38 1.0064297 0.24208243 -0.020198613 0.46587542
0.39 1.0062057 0.24668985 -0.024652585 0.45562184
0.4 1.0059366 0.25119487 -0.029214196 0.44539605
0.41 1.0056214 0.25559778 -0.033874723 0.43520496
0.42 1.0052591 0.25989897 -0.038625652 0.42505501
0.43 1.0048489 0.26409888 -0.043458686 0.41495221
0.44 1.0043899 0.26819801 -0.048365755 0.40490222
0.45 1.0038816 0.27219693 -0.053339024 0.39491029
0.46 1.0033232 0.27609622 -0.058370896 0.38498134
0.47 1.0027142 0.27989656 -0.063454015 0.37511997
0.48 1.0020541 0.28359863 -0.068581268 0.36533045
0.49 1.0013425 0.28720317 -0.073745786 0.3556168
0.5 1.0005792 0.29071096 -0.078940946 0.34598272
0.51 0.99976371 0.29412283 -0.084160365 0.33643168
0.52 0.99889595 0.2974396 -0.089397901 0.32696691
0.53 0.99797575 0.30066217 -0.094647653 0.31759139
0.54 0.997003 0.30379143 -0.099903953 0.3083079
0.55 0.99597767 0.30682833 -0.10516137 0.29911901
0.56 0.99489977 0.30977381 -0.11041468 0.29002709
0.57 0.99376937 0.31262887 -0.11565892 0.28103432
0.58 0.99258659 0.3153945 -0.12088932 0.27214272
0.59 0.99135159 0.31807173 -0.12610133 0.26335413
0.6 0.99006457 0.32066159 -0.13129061 0.25467023
0.61 0.98872577 0.32316514 -0.13645304 0.24609257
0.62 0.9873355 0.32558344 -0.14158468 0.23762252
0.63 0.98589408 0.32791759 -0.1466818 0.22926135
0.64 0.98440187 0.33016867 -0.15174086 0.22101016
0.65 0.98285926 0.33233779 -0.15675851 0.21286996
0.66 0.9812667 0.33442607 -0.16173157 0.20484161
0.67 0.97962463 0.33643463 -0.16665704 0.19692589
0.68 0.97793356 0.33836459 -0.1715321 0.18912343
0.69 0.97619399 0.3402171 -0.17635408 0.18143479
0.7 0.97440647 0.34199329 -0.1811205 0.17386041
0.71 0.97257158 0.34369431 -0.18582902 0.16640063
0.72 0.97068989 0.3453213 -0.19047744 0.15905572
0.73 0.96876203 0.34687542 -0.19506372 0.15182584
0.74 0.96678862 0.34835782 -0.19958598 0.14471109
0.75 0.96477031 0.34976965 -0.20404245 0.13771146
0.76 0.96270777 0.35111205 -0.2084315 0.13082688
0.77 0.96060168 0.35238619 -0.21275164 0.12405721
0.78 0.95845274 0.3535932 -0.21700151 0.11740223
0.79 0.95626165 0.35473423 -0.22117984 0.11086165
0.8 0.95402914 0.35581043 -0.22528551 0.10443514
0.81 0.95175594 0.35682294 -0.2293175 0.098122269
0.82 0.94944279 0.35777288 -0.23327489 0.091922582
0.83 0.94709044 0.35866139 -0.23715687 0.085835552
0.84 0.94469965 0.35948959 -0.24096274 0.079860602
0.85 0.94227119 0.3602586 -0.24469187 0.073997106
0.86 0.93980582 0.36096954 -0.24834376 0.068244387
0.87 0.93730431 0.36162349 -0.25191797 0.062601726
0.88 0.93476746 0.36222157 -0.25541415 0.057068357
0.89 0.93219603 0.36276486 -0.25883203 0.051643477
0.9 0.92959082 0.36325444 -0.26217144 0.046326241
0.91 0.9269526 0.36369139 -0.26543225 0.041115769
0.92 0.92428217 0.36407676 -0.26861443 0.036011146
0.93 0.92158031 0.36441161 -0.27171801 0.031011427
0.94 0.91884781 0.36469699 -0.27474307 0.026115633
0.95 0.91608545 0.36493392 -0.27768978 0.021322759
0.96 0.91329401 0.36512344 -0.28055835 0.016631774
0.97 0.91047428 0.36526656 -0.28334904 0.012041619
0.98 0.90762703 0.36536428 -0.28606218 0.0075512158
0.99 0.90475304 0.36541759 -0.28869814 0.003159463
1 0.90185307 0.36542747 -0.29125735 -0.0011347597
1.01 0.89892789 0.36539489 -0.29374027 -0.0053325909
1.02 0.89597826 0.36532082 -0.29614741 -0.0094351851
1.03 0.89300494 0.36520619 -0.29847932 -0.013443712
1.04 0.89000868 0.36505194 -0.30073659 -0.017359355
1.05 0.88699021 0.364859 -0.30291985 -0.021183308
1.06 0.88395028 0.36462828 -0.30502974 -0.024916778
1.07 0.88088962 0.36436067 -0.30706697 -0.028560979
1.08 0.87780894 0.36405706 -0.30903224 -0.032117134
1.09 0.87470897 0.36371832 -0.31092631 -0.035586472
1.1 0.87159042 0.36334533 -0.31274993 -0.038970229
1.11 0.86845397 0.36293892 -0.31450392 -0.042269645
1.12 0.86530034 0.36249994 -0.31618907 -0.045485963
1.13 0.86213019 0.3620292 -0.31780623 -0.048620427
1.14 0.85894421 0.36152753 -0.31935626 -0.051674285
1.15 0.85574307 0.36099572 -0.32084001 -0.054648784
1.16 0.85252741 0.36043455 -0.32225838 -0.05754517
1.17 0.8492979 0.35984481 -0.32361226 -0.060364688
1.18 0.84605517 0.35922726 -0.32490257 -0.063108581
1.19 0.84279985 0.35858264 -0.32613023 -0.065778089
1.2 0.83953256 0.3579117 -0.32729616 -0.068374447
1.21 0.83625392 0.35721515 -0.32840132 -0.070898886
1.22 0.83296454 0.35649372 -0.32944663 -0.073352632
1.23 0.82966499 0.3557481 -0.33043307 -0.075736904
1.24 0.82635587 0.35497898 -0.33136157 -0.078052916
1.25 0.82303776 0.35418704 -0.33223311 -0.080301874
1.26 0.81971121 0.35337294 -0.33304864 -0.082484976
1.27 0.81637679 0.35253734 -0.33380914 -0.084603411
1.28 0.81303503 0.35168088 -0.33451556 -0.086658361
1.29 0.80968648 0.35080418 -0.33516887 -0.088650997
1.3 0.80633165 0.34990786 -0.33577004 -0.090582482
1.31 0.80297108 0.34899253 -0.33632002 -0.092453966
1.32 0.79960525 0.34805878 -0.33681979 -0.094266592
1.33 0.79623468 0.34710719 -0.33727029 -0.09602149
1.34 0.79285985 0.34613835 -0.33767248 -0.097719779
1.35 0.78948123 0.3451528 -0.33802731 -0.099362566
1.36 0.7860993 0.3441511 -0.33833572 -0.10095095
1.37 0.78271452 0.34313378 -0.33859865 -0.10248601
1.38 0.77932733 0.34210138 -0.33881704 -0.10396882
1.39 0.77593817 0.3410544 -0.3389918 -0.10540044
1.4 0.77254749 0.33999337 -0.33912387 -0.10678191
1.41 0.7691557 0.33891877 -0.33921414 -0.10811427
1.42 0.76576321 0.33783108 -0.33926352 -0.10939854
1.43 0.76237043 0.33673079 -0.3392729 -0.11063573
1.44 0.75897775 0.33561837 -0.33924318 -0.11182682
1.45 0.75558556 0.33449426 -0.33917523 -0.1129728
1.46 0.75219424 0.33335891 -0.33906992 -0.11407464
1.47 0.74880416 0.33221277 -0.3389281 -0.11513328
1.48 0.74541568 0.33105625 -0.33875063 -0.11614967
1.49 0.74202915 0.32988977 -0.33853834 -0.11712474
1.5 0.73864492 0.32871375 -0.33829207 -0.11805938
1.51 0.73526331 0.32752858 -0.33801262 -0.11895451
1.52 0.73188466 0.32633466 -0.33770082 -0.11981101
1.53 0.72850929 0.32513236 -0.33735745 -0.12062974
1.54 0.72513751 0.32392207 -0.33698331 -0.12141157
1.55 0.72176963 0.32270413 -0.33657916 -0.12215733
1.56 0.71840593 0.32147892 -0.33614577 -0.12286786
1.57 0.71504671 0.32024678 -0.3356839 -0.12354397
1.58 0.71169225 0.31900804 -0.33519429 -0.12418646
1.59 0.70834283 0.31776305 -0.33467766 -0.12479612
1.6 0.7049987 0.31651212 -0.33413475 -0.12537373
1.61 0.70166013 0.31525557 -0.33356625 -0.12592004
1.62 0.69832737 0.31399372 -0.33297286 -0.12643581
1.63 0.69500067 0.31272686 -0.33235527 -0.12692177
1.64 0.69168027 0.31145528 -0.33171415 -0.12737864
1.65 0.68836639 0.31017928 -0.33105017 -0.12780713
1.66 0.68505927 0.30889914 -0.33036398 -0.12820793
1.67 0.68175911 0.30761512 -0.32965621 -0.12858173
1.68 0.67846614 0.3063275 -0.32892751 -0.12892921
1.69 0.67518056 0.30503654 -0.32817847 -0.12925101
1.7 0.67190257 0.30374248 -0.32740972 -0.12954778
1.71 0.66863237 0.30244558 -0.32662185 -0.12982015
1.72 0.66537014 0.30114608 -0.32581544 -0.13006876
1.73 0.66211606 0.29984421 -0.32499107 -0.13029419
1.74 0.65887031 0.2985402 -0.32414929 -0.13049706
1.75 0.65563307 0.29723427 -0.32329067 -0.13067795
1.76 0.6524045 0.29592664 -0.32241575 -0.13083743
1.77 0.64918476 0.29461752 -0.32152505 -0.13097606
1.78 0.645974 0.29330712 -0.3206191 -0.1310944
1.79 0.64277238 0.29199563 -0.3196984 -0.13119297
1.8 0.63958003 0.29068326 -0.31876346 -0.13127233
1.81 0.63639711 0.28937018 -0.31781477 -0.13133297
1.82 0.63322374 0.2880566 -0.3168528 -0.13137541
1.83 0.63006005 0.28674268 -0.31587804 -0.13140014
1.84 0.62690618 0.28542859 -0.31489093 -0.13140766
1.85 0.62376223 0.28411452 -0.31389193 -0.13139843
1.86 0.62062834 0.28280063 -0.31288148 -0.13137292
1.87 0.6175046 0.28148706 -0.31186002 -0.1313316
1.88 0.61439114 0.28017399 -0.31082796 -0.1312749
1.89 0.61128804 0.27886157 -0.30978572 -0.13120326
1.9 0.60819542 0.27754993 -0.3087337 -0.13111711
1.91 0.60511337 0.27623922 -0.3076723 -0.13101687
1.92 0.60204198 0.27492959 -0.30660191 -0.13090295
1.93 0.59898133 0.27362117 -0.3055229 -0.13077575
1.94 0.59593152 0.27231408 -0.30443564 -0.13063565
1.95 0.59289262 0.27100845 -0.3033405 -0.13048304
1.96 0.58986471 0.26970442 -0.30223783 -0.1303183
1.97 0.58684786 0.26840209 -0.30112797 -0.13014179
1.98 0.58384215 0.26710158 -0.30001126 -0.12995387
1.99 0.58084764 0.26580301 -0.29888803 -0.12975488
2 0.57786439 0.26450648 -0.2977586 -0.12954518
2.01 0.57489247 0.26321211 -0.29662329 -0.12932508
2.02 0.57193192 0.26191998 -0.2954824 -0.12909493
2.03 0.56898282 0.26063021 -0.29433623 -0.12885503
2.04 0.5660452 0.25934288 -0.29318507 -0.1286057
2.05 0.56311912 0.25805809 -0.29202922 -0.12834724
2.06 0.56020461 0.25677594 -0.29086893 -0.12807995
2.07 0.55730174 0.25549649 -0.2897045 -0.12780412
2.08 0.55441052 0.25421985 -0.28853618 -0.12752003
2.09 0.55153101 0.25294609 -0.28736423 -0.12722796
2.1 0.54866324 0.25167529 -0.2861889 -0.12692818
2.11 0.54580724 0.25040753 -0.28501044 -0.12662095
2.12 0.54296303 0.24914288 -0.28382908 -0.12630653
2.13 0.54013065 0.2478814 -0.28264506 -0.12598517
2.14 0.53731013 0.24662317 -0.28145861 -0.12565711
2.15 0.53450148 0.24536826 -0.28026995 -0.1253226
2.16 0.53170473 0.24411672 -0.27907929 -0.12498187
2.17 0.5289199 0.24286862 -0.27788685 -0.12463514
2.18 0.52614699 0.24162402 -0.27669282 -0.12428264
2.19 0.52338604 0.24038297 -0.27549741 -0.12392459
2.2 0.52063705 0.23914553 -0.27430081 -0.12356119
2.21 0.51790002 0.23791174 -0.27310322 -0.12319266
2.22 0.51517498 0.23668167 -0.2719048 -0.12281918
2.23 0.51246193 0.23545536 -0.27070575 -0.12244097
2.24 0.50976087 0.23423285 -0.26950623 -0.12205821
2.25 0.5070718 0.2330142 -0.26830642 -0.12167108
2.26 0.50439474 0.23179943 -0.26710647 -0.12127977
2.27 0.50172967 0.2305886 -0.26590656 -0.12088446
2.28 0.49907661 0.22938174 -0.26470683 -0.12048531
2.29 0.49643554 0.22817889 -0.26350744 -0.12008251
2.3 0.49380646 0.22698009 -0.26230853 -0.1196762
2.31 0.49118937 0.22578537 -0.26111024 -0.11926655
2.32 0.48858425 0.22459476 -0.25991272 -0.11885372
2.33 0.48599111 0.2234083 -0.2587161 -0.11843786
2.34 0.48340993 0.222226 -0.25752051 -0.11801911
2.35 0.4808407 0.22104791 -0.25632607 -0.11759763
2.36 0.47828341 0.21987405 -0.25513292 -0.11717354
2.37 0.47573804 0.21870444 -0.25394116 -0.11674699
2.38 0.47320459 0.21753911 -0.25275092 -0.11631811
2.39 0.47068303 0.21637808 -0.2515623 -0.11588703
2.4 0.46817334 0.21522137 -0.25037542 -0.11545387
2.41 0.46567552 0.214069 -0.24919039 -0.11501876
2.42 0.46318953 0.212921 -0.2480073 -0.11458182
2.43 0.46071537 0.21177737 -0.24682625 -0.11414316
2.44 0.45825301 0.21063813 -0.24564735 -0.11370289
2.45 0.45580242 0.20950331 -0.24447068 -0.11326114
2.46 0.4533636 0.20837291 -0.24329633 -0.11281799
2.47 0.4509365 0.20724695 -0.24212439 -0.11237357
2.48 0.44852111 0.20612544 -0.24095496 -0.11192796
2.49 0.4461174 0.20500839 -0.23978809 -0.11148128
2.5 0.44372535 0.20389581 -0.23862389 -0.1110336
2.51 0.44134492 0.20278772 -0.23746242 -0.11058504
2.52 0.4389761 0.20168411 -0.23630376 -0.11013567
2.53 0.43661885 0.200585 -0.23514798 -0.10968559
2.54 0.43427314 0.1994904 -0.23399514 -0.10923488
2.55 0.43193894 0.19840031 -0.23284533 -0.10878362
2.56 0.42961623 0.19731473 -0.23169859 -0.10833191
2.57 0.42730497 0.19623367 -0.23055499 -0.1078798
2.58 0.42500513 0.19515713 -0.22941459 -0.10742739
2.59 0.42271668 0.19408512 -0.22827745 -0.10697474
2.6 0.42043958 0.19301764 -0.22714363 -0.10652193
2.61 0.41817381 0.19195468 -0.22601318 -0.10606903
2.62 0.41591932 0.19089626 -0.22488614 -0.1056161
2.63 0.41367608 0.18984236 -0.22376257 -0.10516322
2.64 0.41144407 0.18879299 -0.22264253 -0.10471044
2.65 0.40922323 0.18774815 -0.22152604 -0.10425783
2.66 0.40701355 0.18670784 -0.22041316 -0.10380545
2.67 0.40481497 0.18567204 -0.21930393 -0.10335336
2.68 0.40262747 0.18464077 -0.21819839 -0.10290161
2.69 0.400451 0.18361401 -0.21709658 -0.10245026
2.7 0.39828554 0.18259176 -0.21599853 -0.10199936
2.71 0.39613103 0.18157402 -0.21490429 -0.10154897
2.72 0.39398745 0.18056078 -0.21381388 -0.10109913
2.73 0.39185476 0.17955204 -0.21272734 -0.1006499
2.74 0.3897329 0.17854779 -0.2116447 -0.10020132
2.75 0.38762186 0.17754801 -0.21056599 -0.09975343
2.76 0.38552158 0.17655272 -0.20949124 -0.099306287
2.77 0.38343204 0.17556189 -0.20842047 -0.098859927
2.78 0.38135318 0.17457552 -0.20735371 -0.098414394
2.79 0.37928496 0.1735936 -0.20629098 -0.097969728
2.8 0.37722736 0.17261612 -0.20523232 -0.097525966
2.81 0.37518032 0.17164308 -0.20417773 -0.097083148
2.82 0.3731438 0.17067446 -0.20312724 -0.09664131
2.83 0.37111777 0.16971026 -0.20208087 -0.096200486
2.84 0.36910218 0.16875045 -0.20103864 -0.095760712
2.85 0.367097 0.16779504 -0.20000057 -0.09532202
2.86 0.36510217 0.16684401 -0.19896667 -0.094884443
2.87 0.36311767 0.16589735 -0.19793695 -0.09444801
2.88 0.36114343 0.16495505 -0.19691143 -0.094012752
2.89 0.35917944 0.1640171 -0.19589013 -0.093578698
2.9 0.35722563 0.16308348 -0.19487306 -0.093145875
2.91 0.35528198 0.16215418 -0.19386022 -0.09271431
2.92 0.35334843 0.16122919 -0.19285163 -0.09228403
2.93 0.35142494 0.1603085 -0.1918473 -0.091855059
2.94 0.34951148 0.15939209 -0.19084724 -0.09142742
2.95 0.347608 0.15847995 -0.18985145 -0.091001138
2.96 0.34571445 0.15757207 -0.18885994 -0.090576235
2.97 0.3438308 0.15666843 -0.18787272 -0.090152732
2.98 0.341957 0.15576901 -0.18688979 -0.089730649
2.99 0.340093 0.15487381 -0.18591116 -0.089310008
3 0.33823877 0.15398281 -0.18493683 -0.088890826
3.01 0.33639427 0.153096 -0.18396681 -0.088473122
3.02 0.33455944 0.15221335 -0.18300109 -0.088056915
3.03 0.33273425 0.15133486 -0.18203969 -0.08764222
3.04 0.33091865 0.15046051 -0.18108259 -0.087229055
3.05 0.32911259 0.14959028 -0.18012981 -0.086817434
3.06 0.32731605 0.14872416 -0.17918134 -0.086407373
3.07 0.32552897 0.14786213 -0.17823719 -0.085998886
3.08 0.32375131 0.14700418 -0.17729734 -0.085591987
3.09 0.32198302 0.14615029 -0.1763618 -0.085186689
3.1 0.32022407 0.14530045 -0.17543057 -0.084783004
3.11 0.31847441 0.14445463 -0.17450365 -0.084380945
3.12 0.316734 0.14361283 -0.17358103 -0.083980522
3.13 0.31500279 0.14277502 -0.1726627 -0.083581747
3.14 0.31328074 0.14194119 -0.17174867 -0.083184631
3.15 0.31156782 0.14111133 -0.17083893 -0.082789182
3.16 0.30986396 0.14028541 -0.16993347 -0.08239541
3.17 0.30816915 0.13946342 -0.1690323 -0.082003324
3.18 0.30648332 0.13864534 -0.16813539 -0.081612933
3.19 0.30480644 0.13783116 -0.16724275 -0.081224245
3.2 0.30313846 0.13702086 -0.16635438 -0.080837266
3.21 0.30147935 0.13621442 -0.16547026 -0.080452004
3.22 0.29982906 0.13541182 -0.16459038 -0.080068467
3.23 0.29818754 0.13461305 -0.16371474 -0.079686659
3.24 0.29655476 0.13381808 -0.16284334 -0.079306587
3.25 0.29493068 0.13302691 -0.16197615 -0.078928256
3.26 0.29331524 0.13223952 -0.16111318 -0.078551671
3.27 0.29170841 0.13145588 -0.16025441 -0.078176838
3.28 0.29011015 0.13067598 -0.15939984 -0.077803761
3.29 0.28852042 0.12989981 -0.15854946 -0.077432443
3.3 0.28693916 0.12912733 -0.15770325 -0.077062888
3.31 0.28536635 0.12835855 -0.15686121 -0.0766951
3.32 0.28380194 0.12759343 -0.15602332 -0.076329082
3.33 0.28224588 0.12683197 -0.15518957 -0.075964837
3.34 0.28069815 0.12607413 -0.15435997 -0.075602367
3.35 0.27915869 0.12531992 -0.15353448 -0.075241674
3.36 0.27762746 0.1245693 -0.1527131 -0.074882761
3.37 0.27610442 0.12382226 -0.15189583 -0.074525628
3.38 0.27458954 0.12307879 -0.15108264 -0.074170278
3.39 0.27308277 0.12233886 -0.15027353 -0.073816712
3.4 0.27158407 0.12160245 -0.14946849 -0.07346493
3.41 0.2700934 0.12086956 -0.14866749 -0.073114933
3.42 0.26861072 0.12014016 -0.14787054 -0.072766722
3.43 0.26713599 0.11941423 -0.14707761 -0.072420297
3.44 0.26566917 0.11869175 -0.1462887 -0.072075658
3.45 0.26421022 0.11797271 -0.14550379 -0.071732804
3.46 0.26275909 0.11725709 -0.14472286 -0.071391736
3.47 0.26131576 0.11654488 -0.14394591 -0.071052452
3.48 0.25988018 0.11583604 -0.14317292 -0.070714952
3.49 0.2584523 0.11513058 -0.14240388 -0.070379235
3.5 0.2570321 0.11442846 -0.14163877 -0.0700453
3.51 0.25561953 0.11372967 -0.14087758 -0.069713145
3.52 0.25421455 0.1130342 -0.1401203 -0.069382769
3.53 0.25281712 0.11234202 -0.13936691 -0.069054171
3.54 0.25142721 0.11165311 -0.1386174 -0.068727348
3.55 0.25004477 0.11096747 -0.13787175 -0.068402298
3.56 0.24866977 0.11028507 -0.13712996 -0.06807902
3.57 0.24730217 0.10960589 -0.13639199 -0.067757512
3.58 0.24594193 0.10892992 -0.13565785 -0.06743777
3.59 0.24458902 0.10825713 -0.13492751 -0.067119792
3.6 0.24324338 0.10758752 -0.13420097 -0.066803576
3.61 0.241905 0.10692106 -0.1334782 -0.066489119
3.62 0.24057382 0.10625774 -0.1327592 -0.066176418
3.63 0.23924981 0.10559753 -0.13204394 -0.06586547
3.64 0.23793294 0.10494043 -0.13133241 -0.065556272
3.65 0.23662316 0.10428641 -0.1306246 -0.065248821
3.66 0.23532045 0.10363545 -0.12992049 -0.064943113
3.67 0.23402475 0.10298755 -0.12922007 -0.064639145
3.68 0.23273605 0.10234267 -0.12852332 -0.064336914
3.69 0.23145429 0.10170081 -0.12783023 -0.064036415
3.7 0.23017944 0.10106194 -0.12714078 -0.063737646
3.71 0.22891147 0.10042606 -0.12645496 -0.063440602
3.72 0.22765034 0.099793131 -0.12577275 -0.06314528
3.73 0.22639602 0.09916315 -0.12509413 -0.062851676
3.74 0.22514846 0.098536097 -0.1244191 -0.062559786
3.75 0.22390764 0.097911954 -0.12374763 -0.062269605
3.76 0.22267351 0.097290705 -0.12307971 -0.061981129
3.77 0.22144604 0.096672332 -0.12241532 -0.061694355
3.78 0.2202252 0.096056818 -0.12175446 -0.061409278
3.79 0.21901095 0.095444146 -0.12109709 -0.061125894
3.8 0.21780326 0.0948343 -0.12044322 -0.060844198
3.81 0.21660209 0.094227262 -0.11979282 -0.060564186
3.82 0.2154074 0.093623016 -0.11914588 -0.060285854
3.83 0.21421917 0.093021545 -0.11850238 -0.060009196
3.84 0.21303736 0.092422832 -0.1178623 -0.059734208
3.85 0.21186192 0.091826861 -0.11722564 -0.059460887
3.86 0.21069284 0.091233615 -0.11659237 -0.059189226
3.87 0.20953008 0.090643077 -0.11596249 -0.058919222
3.88 0.20837359 0.09005523 -0.11533597 -0.058650869
3.89 0.20722336 0.089470059 -0.1147128 -0.058384162
3.9 0.20607934 0.088887547 -0.11409296 -0.058119098
3.91 0.2049415 0.088307677 -0.11347644 -0.057855671
3.92 0.20380981 0.087730434 -0.11286323 -0.057593876
3.93 0.20268423 0.0871558 -0.11225331 -0.057333708
3.94 0.20156474 0.08658376 -0.11164666 -0.057075163
3.95 0.2004513 0.086014297 -0.11104326 -0.056818235
3.96 0.19934388 0.085447395 -0.11044311 -0.056562919
3.97 0.19824244 0.084883038 -0.10984619 -0.05630921
3.98 0.19714695 0.084321211 -0.10925248 -0.056057104
3.99 0.19605739 0.083761896 -0.10866196 -0.055806596
4 0.19497371 0.083205079 -0.10807463 -0.055557679
4.01 0.1938959 0.082650743 -0.10749046 -0.05531035
4.02 0.19282391 0.082098872 -0.10690945 -0.055064602
4.03 0.19175771 0.081549451 -0.10633157 -0.054820432
4.04 0.19069727 0.081002463 -0.10575682 -0.054577833
4.05 0.18964257 0.080457894 -0.10518517 -0.054336801
4.06 0.18859357 0.079915727 -0.10461661 -0.05409733
4.07 0.18755024 0.079375947 -0.10405113 -0.053859416
4.08 0.18651255 0.078838539 -0.10348871 -0.053623053
4.09 0.18548047 0.078303486 -0.10292933 -0.053388236
4.1 0.18445396 0.077770774 -0.10237299 -0.05315496
4.11 0.18343301 0.077240387 -0.10181967 -0.05292322
4.12 0.18241757 0.07671231 -0.10126935 -0.052693011
4.13 0.18140762 0.076186527 -0.10072201 -0.052464326
4.14 0.18040313 0.075663023 -0.10017765 -0.052237162
4.15 0.17940407 0.075141784 -0.099636252 -0.052011514
4.16 0.1784104 0.074622793 -0.099097794 -0.051787375
4.17 0.17742211 0.074106036 -0.098562265 -0.051564741
4.18 0.17643916 0.073591498 -0.098029652 -0.051343606
4.19 0.17546152 0.073079164 -0.097499938 -0.051123966
4.2 0.17448916 0.072569019 -0.096973111 -0.050905815
4.21 0.17352205 0.072061048 -0.096449156 -0.050689149
4.22 0.17256018 0.071555236 -0.095928057 -0.050473961
4.23 0.17160349 0.071051569 -0.095409802 -0.050260248
4.24 0.17065198 0.070550031 -0.094894376 -0.050048003
4.25 0.16970561 0.070050609 -0.094381765 -0.049837222
4.26 0.16876434 0.069553287 -0.093871954 -0.0496279
4.27 0.16782817 0.069058051 -0.09336493 -0.049420032
4.28 0.16689705 0.068564886 -0.092860679 -0.049213611
4.29 0.16597095 0.068073778 -0.092359186 -0.049008635
4.3 0.16504986 0.067584713 -0.091860438 -0.048805097
4.31 0.16413374 0.067097677 -0.091364421 -0.048602992
4.32 0.16322257 0.066612654 -0.090871121 -0.048402315
4.33 0.16231632 0.06612963 -0.090380524 -0.048203062
4.34 0.16141496 0.065648592 -0.089892617 -0.048005227
4.35 0.16051847 0.065169526 -0.089407385 -0.047808806
4.36 0.15962682 0.064692416 -0.088924817 -0.047613794
4.37 0.15873997 0.06421725 -0.088444896 -0.047420184
4.38 0.15785792 0.063744013 -0.087967612 -0.047227974
4.39 0.15698062 0.06327269 -0.087492949 -0.047037157
4.4 0.15610806 0.062803269 -0.087020895 -0.046847729
4.41 0.1552402 0.062335736 -0.086551436 -0.046659686
4.42 0.15437703 0.061870076 -0.086084558 -0.046473021
4.43 0.15351851 0.061406275 -0.08562025 -0.046287731
4.44 0.15266463 0.060944321 -0.085158497 -0.04610381
4.45 0.15181534 0.060484199 -0.084699287 -0.045921254
4.46 0.15097064 0.060025896 -0.084242606 -0.045740059
4.47 0.15013049 0.059569398 -0.083788441 -0.045560218
4.48 0.14929487 0.059114692 -0.08333678 -0.045381729
4.49 0.14846376 0.058661763 -0.082887609 -0.045204585
4.5 0.14763712 0.0582106 -0.082440917 -0.045028782
4.51 0.14681494 0.057761188 -0.081996689 -0.044854316
4.52 0.14599718 0.057313514 -0.081554913 -0.044681182
4.53 0.14518384 0.056867564 -0.081115577 -0.044509376
4.54 0.14437487 0.056423326 -0.080678668 -0.044338892
4.55 0.14357027 0.055980786 -0.080244174 -0.044169727
4.56 0.14276999 0.055539932 -0.079812081 -0.044001875
4.57 0.14197402 0.055100749 -0.079382378 -0.043835333
4.58 0.14118234 0.054663225 -0.078955052 -0.043670095
4.59 0.14039492 0.054227347 -0.078530091 -0.043506158
4.6 0.13961174 0.053793102 -0.078107483 -0.043343517
4.61 0.13883277 0.053360477 -0.077687215 -0.043182167
4.62 0.138058 0.052929459 -0.077269275 -0.043022104
4.63 0.13728739 0.052500035 -0.076853651 -0.042863324
4.64 0.13652092 0.052072192 -0.076440331 -0.042705823
4.65 0.13575858 0.051645918 -0.076029303 -0.042549596
4.66 0.13500034 0.0512212 -0.075620556 -0.042394639
4.67 0.13424617 0.050798025 -0.075214077 -0.042240947
4.68 0.13349606 0.050376381 -0.074809854 -0.042088517
4.69 0.13274997 0.049956255 -0.074407876 -0.041937344
4.7 0.1320079 0.049537634 -0.074008131 -0.041787424
4.71 0.13126981 0.049120507 -0.073610607 -0.041638754
4.72 0.13053569 0.048704859 -0.073215293 -0.041491328
4.73 0.1298055 0.04829068 -0.072822177 -0.041345143
4.74 0.12907924 0.047877956 -0.072431248 -0.041200194
4.75 0.12835688 0.047466676 -0.072042495 -0.041056479
4.76 0.12763839 0.047056827 -0.071655905 -0.040913992
4.77 0.12692376 0.046648396 -0.071271468 -0.04077273
4.78 0.12621296 0.046241372 -0.070889172 -0.040632689
4.79 0.12550598 0.045835743 -0.070509007 -0.040493865
4.8 0.12480278 0.045431495 -0.07013096 -0.040356253
4.81 0.12410336 0.045028618 -0.069755022 -0.040219851
4.82 0.12340768 0.044627098 -0.06938118 -0.040084655
4.83 0.12271574 0.044226924 -0.069009425 -0.03995066
4.84 0.12202749 0.043828085 -0.068639744 -0.039817862
4.85 0.12134294 0.043430567 -0.068272128 -0.039686259
4.86 0.12066205 0.04303436 -0.067906564 -0.039555846
4.87 0.11998481 0.04263945 -0.067543044 -0.03942662
4.88 0.11931119 0.042245827 -0.067181555 -0.039298577
4.89 0.11864118 0.041853479 -0.066822088 -0.039171713
4.9 0.11797475 0.041462393 -0.066464631 -0.039046025
4.91 0.11731189 0.041072558 -0.066109174 -0.03892151
4.92 0.11665257 0.040683963 -0.065755707 -0.038798163
4.93 0.11599677 0.040296595 -0.065404219 -0.038675981
4.94 0.11534448 0.039910443 -0.065054699 -0.038554961
4.95 0.11469568 0.039525496 -0.064707139 -0.038435099
4.96 0.11405034 0.039141741 -0.064361526 -0.038316392
4.97 0.11340845 0.038759168 -0.064017851 -0.038198837
4.98 0.11276998 0.038377765 -0.063676104 -0.03808243
4.99 0.11213492 0.037997519 -0.063336274 -0.037967168
5 0.11150326 0.037618421 -0.062998353 -0.037853047
5.01 0.11087496 0.037240458 -0.062662328 -0.037740064
5.02 0.11025001 0.03686362 -0.062328191 -0.037628217
5.03 0.10962839 0.036487894 -0.061995932 -0.037517501
5.04 0.10901009 0.03611327 -0.061665541 -0.037407914
5.05 0.10839508 0.035739736 -0.061337008 -0.037299452
5.06 0.10778335 0.035367281 -0.061010323 -0.037192112
5.07 0.10717488 0.034995894 -0.060685476 -0.037085892
5.08 0.10656964 0.034625563 -0.060362459 -0.036980788
5.09 0.10596763 0.034256278 -0.060041261 -0.036876798
5.1 0.10536882 0.033888027 -0.059721872 -0.036773917
5.11 0.10477319 0.0335208 -0.059404284 -0.036672144
5.12 0.10418073 0.033154584 -0.059088487 -0.036571475
5.13 0.10359142 0.03278937 -0.058774471 -0.036471907
5.14 0.10300524 0.032425146 -0.058462227 -0.036373438
5.15 0.10242218 0.032061901 -0.058151746 -0.036276064
5.16 0.10184221 0.031699625 -0.057843018 -0.036179783
5.17 0.10126532 0.031338306 -0.057536034 -0.036084592
5.18 0.10069149 0.030977933 -0.057230786 -0.035990489
5.19 0.1001207 0.030618496 -0.056927264 -0.03589747
5.2 0.099552941 0.030259984 -0.056625459 -0.035805532
5.21 0.098988191 0.029902385 -0.056325362 -0.035714674
5.22 0.098426433 0.02954569 -0.056026964 -0.035624893
5.23 0.097867652 0.029189887 -0.055730256 -0.035536185
5.24 0.097311828 0.028834966 -0.055435229 -0.035448548
5.25 0.096758947 0.028480916 -0.055141875 -0.035361981
5.26 0.096208991 0.028127727 -0.054850184 -0.035276479
5.27 0.095661943 0.027775387 -0.054560148 -0.035192041
5.28 0.095117788 0.027423886 -0.054271759 -0.035108665
5.29 0.094576508 0.027073214 -0.053985008 -0.035026347
5.3 0.094038088 0.026723359 -0.053699885 -0.034945086
5.31 0.09350251 0.026374312 -0.053416383 -0.034864879
5.32 0.09296976 0.026026061 -0.053134494 -0.034785723
5.33 0.092439821 0.025678597 -0.052854207 -0.034707617
5.34 0.091912676 0.025331909 -0.052575517 -0.034630558
5.35 0.09138831 0.024985986 -0.052298413 -0.034554544
5.36 0.090866708 0.024640818 -0.052022888 -0.034479573
5.37 0.090347853 0.024296395 -0.051748933 -0.034405642
5.38 0.089831729 0.023952705 -0.05147654 -0.034332749
5.39 0.089318322 0.02360974 -0.051205702 -0.034260892
5.4 0.088807615 0.023267488 -0.050936409 -0.034190069
5.41 0.088299594 0.022925938 -0.050668654 -0.034120279
5.42 0.087794242 0.022585082 -0.050402429 -0.034051518
5.43 0.087291545 0.022244908 -0.050137726 -0.033983785
5.44 0.086791488 0.021905406 -0.049874537 -0.033917078
5.45 0.086294054 0.021566567 -0.049612854 -0.033851395
5.46 0.08579923 0.021228378 -0.049352668 -0.033786734
5.47 0.085307001 0.020890832 -0.049093974 -0.033723093
5.48 0.084817351 0.020553917 -0.048836762 -0.03366047
5.49 0.084330266 0.020217622 -0.048581024 -0.033598863
5.5 0.083845731 0.019881939 -0.048326754 -0.033538272
5.51 0.083363731 0.019546857 -0.048073944 -0.033478692
5.52 0.082884252 0.019212365 -0.047822585 -0.033420124
5.53 0.082407279 0.018878455 -0.047572671 -0.033362566
5.54 0.081932798 0.018545114 -0.047324194 -0.033306014
5.55 0.081460795 0.018212334 -0.047077146 -0.033250469
5.56 0.080991255 0.017880105 -0.046831521 -0.033195928
5.57 0.080524165 0.017548416 -0.04658731 -0.03314239
5.58 0.080059509 0.017217257 -0.046344506 -0.033089853
5.59 0.079597275 0.016886619 -0.046103102 -0.033038315
5.6 0.079137447 0.016556491 -0.045863091 -0.032987776
5.61 0.078680013 0.016226863 -0.045624466 -0.032938233
5.62 0.078224958 0.015897726 -0.045387219 -0.032889685
5.63 0.077772269 0.015569069 -0.045151343 -0.032842131
5.64 0.077321931 0.015240883 -0.044916832 -0.032795569
5.65 0.076873932 0.014913158 -0.044683677 -0.032749998
5.66 0.076428258 0.014585883 -0.044451873 -0.032705416
5.67 0.075984894 0.01425905 -0.044221411 -0.032661823
5.68 0.075543829 0.013932647 -0.043992286 -0.032619217
5.69 0.075105049 0.013606665 -0.04376449 -0.032577596
5.7 0.07466854 0.013281095 -0.043538017 -0.03253696
5.71 0.074234288 0.012955926 -0.043312859 -0.032497307
5.72 0.073802282 0.012631149 -0.04308901 -0.032458636
5.73 0.073372508 0.012306753 -0.042866463 -0.032420946
5.74 0.072944953 0.01198273 -0.042645212 -0.032384236
5.75 0.072519604 0.011659069 -0.042425249 -0.032348504
5.76 0.072096448 0.01133576 -0.042206569 -0.03231375
5.77 0.071675473 0.011012794 -0.041989164 -0.032279973
5.78 0.071256665 0.01069016 -0.041773027 -0.032247172
5.79 0.070840012 0.01036785 -0.041558154 -0.032215345
5.8 0.070425502 0.010045854 -0.041344536 -0.032184492
5.81 0.070013121 0.0097241605 -0.041132168 -0.032154612
5.82 0.069602858 0.0094027614 -0.040921044 -0.032125703
5.83 0.069194701 0.0090816464 -0.040711155 -0.032097766
5.84 0.068788635 0.008760806 -0.040502498 -0.032070799
5.85 0.068384651 0.0084402305 -0.040295065 -0.032044802
5.86 0.067982734 0.00811991 -0.040088849 -0.032019773
5.87 0.067582874 0.007799835 -0.039883846 -0.031995712
5.88 0.067185057 0.0074799958 -0.039680048 -0.031972619
5.89 0.066789273 0.0071603826 -0.039477449 -0.031950492
5.9 0.066395508 0.0068409859 -0.039276044 -0.031929331
5.91 0.066003752 0.006521796 -0.039075826 -0.031909135
5.92 0.065613992 0.0062028032 -0.038876789 -0.031889904
5.93 0.065226216 0.0058839979 -0.038678927 -0.031871637
5.94 0.064840413 0.0055653705 -0.038482235 -0.031854334
5.95 0.064456571 0.0052469113 -0.038286705 -0.031837994
5.96 0.064074679 0.0049286106 -0.038092334 -0.031822616
5.97 0.063694725 0.0046104589 -0.037899114 -0.031808201
5.98 0.063316697 0.0042924466 -0.037707039 -0.031794747
5.99 0.062940584 0.003974564 -0.037516105 -0.031782255
6 0.062566375 0.0036568015 -0.037326304 -0.031770723
6.01 0.062194058 0.0033391495 -0.037137632 -0.031760153
6.02 0.061823622 0.0030215985 -0.036950083 -0.031750542
6.03 0.061455056 0.0027041387 -0.036763651 -0.031741892
6.04 0.061088349 0.0023867606 -0.036578331 -0.031734201
6.05 0.06072349 0.0020694547 -0.036394116 -0.031727471
6.06 0.060360467 0.0017522112 -0.036211002 -0.031721699
6.07 0.05999927 0.0014350207 -0.036028982 -0.031716887
6.08 0.059639887 0.0011178735 -0.035848052 -0.031713034
6.09 0.059282309 0.00080076001 -0.035668206 -0.031710139
6.1 0.058926523 0.00048367069 -0.035489438 -0.031708204
6.11 0.05857252 0.00016659593 -0.035311743 -0.031707228
6.12 0.058220288 -0.00015047387 -0.035135116 -0.03170721
6.13 0.057869818 -0.00046754828 -0.034959551 -0.031708151
6.14 0.057521097 -0.0007846369 -0.034785043 -0.031710052
6.15 0.057174117 -0.0011017493 -0.034611587 -0.031712911
6.16 0.056828866 -0.0014188951 -0.034439177 -0.031716729
6.17 0.056485333 -0.0017360839 -0.034267809 -0.031721506
6.18 0.056143509 -0.0020533252 -0.034097477 -0.031727243
6.19 0.055803384 -0.0023706287 -0.033928176 -0.031733939
6.2 0.055464946 -0.002688004 -0.033759901 -0.031741595
6.21 0.055128186 -0.0030054606 -0.033592647 -0.031750211
6.22 0.054793093 -0.0033230082 -0.033426408 -0.031759787
6.23 0.054459658 -0.0036406564 -0.03326118 -0.031770323
6.24 0.054127869 -0.0039584147 -0.033096958 -0.031781821
6.25 0.053797718 -0.0042762928 -0.032933737 -0.03179428
6.26 0.053469195 -0.0045943003 -0.032771512 -0.0318077
6.27 0.053142288 -0.0049124468 -0.032610277 -0.031822082
6.28 0.052816989 -0.0052307419 -0.032450029 -0.031837427
6.29 0.052493288 -0.0055491953 -0.032290762 -0.031853734
6.3 0.052171174 -0.0058678166 -0.032132472 -0.031871005
6.31 0.051850638 -0.0061866154 -0.031975153 -0.03188924
6.32 0.051531671 -0.0065056014 -0.031818801 -0.031908439
6.33 0.051214262 -0.0068247842 -0.031663411 -0.031928604
6.34 0.050898403 -0.0071441735 -0.031508979 -0.031949734
6.35 0.050584083 -0.0074637789 -0.0313555 -0.03197183
6.36 0.050271293 -0.0077836101 -0.031202969 -0.031994894
6.37 0.049960023 -0.0081036768 -0.031051382 -0.032018925
6.38 0.049650265 -0.0084239886 -0.030900733 -0.032043925
6.39 0.049342009 -0.0087445553 -0.030751019 -0.032069894
6.4 0.049035245 -0.0090653865 -0.030602235 -0.032096832
6.41 0.048729964 -0.0093864919 -0.030454377 -0.032124742
6.42 0.048426157 -0.0097078813 -0.030307439 -0.032153623
6.43 0.048123815 -0.010029564 -0.030161418 -0.032183477
6.44 0.047822929 -0.010351551 -0.030016309 -0.032214304
6.45 0.047523489 -0.01067385 -0.029872108 -0.032246106
6.46 0.047225487 -0.010996473 -0.029728811 -0.032278883
6.47 0.046928913 -0.011319428 -0.029586412 -0.032312636
6.48 0.046633758 -0.011642726 -0.029444908 -0.032347367
6.49 0.046340015 -0.011966376 -0.029304295 -0.032383076
6.5 0.046047672 -0.012290387 -0.029164568 -0.032419765
6.51 0.045756723 -0.012614771 -0.029025723 -0.032457434
6.52 0.045467158 -0.012939536 -0.028887756 -0.032496085
6.53 0.045178968 -0.013264693 -0.028750662 -0.032535719
6.54 0.044892145 -0.01359025 -0.028614438 -0.032576337
6.55 0.044606679 -0.013916219 -0.02847908 -0.03261794
6.56 0.044322563 -0.014242609 -0.028344582 -0.03266053
6.57 0.044039788 -0.01456943 -0.028210942 -0.032704108
6.58 0.043758344 -0.014896691 -0.028078155 -0.032748675
6.59 0.043478225 -0.015224403 -0.027946218 -0.032794233
6.6 0.04319942 -0.015552576 -0.027815125 -0.032840783
6.61 0.042921922 -0.015881219 -0.027684874 -0.032888326
6.62 0.042645723 -0.016210342 -0.02755546 -0.032936864
6.63 0.042370813 -0.016539956 -0.02742688 -0.032986398
6.64 0.042097185 -0.01687007 -0.027299129 -0.03303693
6.65 0.04182483 -0.017200695 -0.027172204 -0.033088461
6.66 0.041553741 -0.01753184 -0.0270461 -0.033140993
6.67 0.041283908 -0.017863515 -0.026920815 -0.033194528
6.68 0.041015325 -0.01819573 -0.026796344 -0.033249067
6.69 0.040747981 -0.018528496 -0.026672683 -0.033304611
6.7 0.040481871 -0.018861822 -0.026549829 -0.033361163
6.71 0.040216985 -0.019195719 -0.026427778 -0.033418724
6.72 0.039953315 -0.019530197 -0.026306526 -0.033477296
6.73 0.039690854 -0.019865265 -0.02618607 -0.03353688
6.74 0.039429594 -0.020200935 -0.026066406 -0.033597479
6.75 0.039169526 -0.020537215 -0.02594753 -0.033659094
6.76 0.038910643 -0.020874116 -0.025829439 -0.033721728
6.77 0.038652938 -0.021211649 -0.02571213 -0.033785381
6.78 0.038396401 -0.021549824 -0.025595598 -0.033850057
6.79 0.038141026 -0.021888651 -0.02547984 -0.033915756
6.8 0.037886804 -0.022228139 -0.025364853 -0.033982481
6.81 0.037633729 -0.0225683 -0.025250633 -0.034050235
6.82 0.037381791 -0.022909144 -0.025137177 -0.034119018
6.83 0.037130985 -0.023250681 -0.025024481 -0.034188833
6.84 0.036881302 -0.023592921 -0.024912542 -0.034259683
6.85 0.036632734 -0.023935874 -0.024801356 -0.034331568
6.86 0.036385275 -0.024279552 -0.024690921 -0.034404493
6.87 0.036138916 -0.024623964 -0.024581232 -0.034478458
6.88 0.03589365 -0.024969121 -0.024472287 -0.034553466
6.89 0.03564947 -0.025315033 -0.024364083 -0.034629519
6.9 0.035406368 -0.025661711 -0.024256615 -0.03470662
6.91 0.035164338 -0.026009166 -0.02414988 -0.03478477
6.92 0.034923371 -0.026357407 -0.024043877 -0.034863973
6.93 0.03468346 -0.026706445 -0.0239386 -0.03494423
6.94 0.034444599 -0.027056291 -0.023834048 -0.035025545
6.95 0.034206779 -0.027406956 -0.023730216 -0.035107919
6.96 0.033969994 -0.02775845 -0.023627103 -0.035191355
6.97 0.033734237 -0.028110783 -0.023524703 -0.035275855
6.98 0.0334995 -0.028463967 -0.023423016 -0.035361423
6.99 0.033265777 -0.028818012 -0.023322037 -0.03544806
7 0.03303306 -0.029172928 -0.023221763 -0.03553577
