0 1 0 0 0.5222587
0.01 1.0000296 0.005222587 0.0058912975 0.52163468
0.02 1.0001178 0.010432693 0.011634022 0.51977727
0.03 1.0002623 0.015618132 0.017086882 0.51672922
0.04 1.0004596 0.020767277 0.022122299 0.51255809
0.05 1.0007048 0.025869293 0.026631303 0.50735132
0.06 1.0009922 0.030914302 0.030526538 0.5012104
0.07 1.0013153 0.035893499 0.03374333 0.49424486
0.08 1.0016671 0.040799198 0.036239064 0.48656679
0.09 1.0020401 0.045624834 0.037991277 0.4782862
0.1 1.0024269 0.050364922 0.038994951 0.46950749
0.11 1.00282 0.055014984 0.039259434 0.46032709
0.12 1.0032121 0.059571464 0.038805332 0.45083206
0.13 1.0035961 0.064031625 0.037661622 0.44109952
0.14 1.0039653 0.068393455 0.035863128 0.43119667
0.15 1.0043133 0.07265556 0.033448398 0.42118132
0.16 1.0046343 0.076817082 0.030458013 0.41110261
0.17 1.0049225 0.080877614 0.02693327 0.40100184
0.18 1.0051729 0.084837121 0.022915203 0.39091346
0.19 1.0053808 0.088695885 0.018443879 0.3808659
0.2 1.0055418 0.092454441 0.013557919 0.37088245
0.21 1.005652 0.096113537 0.0082941888 0.36098205
0.22 1.0057077 0.099674085 0.0026876231 0.35117992
0.23 1.0057057 0.10313714 -0.0032288549 0.34148819
0.24 1.0056431 0.10650385 -0.009424344 0.33191642
0.25 1.0055172 0.10977547 -0.015869926 0.32247202
0.26 1.0053257 0.1129533 -0.022538598 0.31316063
0.27 1.0050665 0.11603869 -0.029405178 0.30398645
0.28 1.0047376 0.11903303 -0.036446208 0.29495249
0.29 1.0043375 0.12193774 -0.043639842 0.28606078
0.3 1.0038648 0.12475425 -0.050965743 0.27731256
0.31 1.0033182 0.12748399 -0.058404977 0.26870844
0.32 1.0026967 0.13012842 -0.065939908 0.26024853
0.33 1.0019994 0.13268897 -0.073554109 0.2519325
0.34 1.0012256 0.13516707 -0.081232266 0.24375971
0.35 1.0003748 0.13756416 -0.088960102 0.23572928
0.36 0.99944642 0.13988166 -0.096724295 0.22784011
0.37 0.99844028 0.14212097 -0.10451241 0.22009095
0.38 0.99735617 0.14428348 -0.11231283 0.21248044
0.39 0.99619403 0.14637058 -0.12011472 0.20500712
0.4 0.99495388 0.14838363 -0.12790792 0.19766949
0.41 0.99363587 0.15032397 -0.13568297 0.190466
0.42 0.99224022 0.15219295 -0.14343099 0.18339507
0.43 0.99076725 0.15399188 -0.1511437 0.1764551
0.44 0.98921735 0.15572205 -0.15881335 0.16964449
0.45 0.98759098 0.15738477 -0.1664327 0.16296167
0.46 0.9858887 0.15898129 -0.17399497 0.15640503
0.47 0.98411109 0.16051287 -0.18149384 0.14997301
0.48 0.98225882 0.16198075 -0.1889234 0.14366405
0.49 0.98033262 0.16338616 -0.19627814 0.13747661
0.5 0.97833326 0.16473029 -0.20355292 0.13140917
0.51 0.97626156 0.16601434 -0.21074296 0.12546022
0.52 0.9741184 0.16723949 -0.21784381 0.11962829
0.53 0.97190469 0.16840691 -0.22485134 0.11391191
0.54 0.96962137 0.16951773 -0.23176172 0.10830964
0.55 0.96726945 0.1705731 -0.23857142 0.10282005
0.56 0.96484995 0.17157414 -0.24527716 0.097441735
0.57 0.96236391 0.17252194 -0.25187594 0.092173301
0.58 0.95981243 0.1734176 -0.25836499 0.087013372
0.59 0.95719661 0.17426221 -0.26474181 0.081960584
0.6 0.95451759 0.17505682 -0.2710041 0.077013589
0.61 0.95177653 0.17580248 -0.27714977 0.07217105
0.62 0.9489746 0.17650024 -0.28317696 0.067431642
0.63 0.94611299 0.17715112 -0.28908399 0.06279405
0.64 0.94319292 0.17775612 -0.29486939 0.058256969
0.65 0.9402156 0.17831626 -0.30053184 0.053819102
0.66 0.93718228 0.17883251 -0.30607022 0.049479161
0.67 0.9340942 0.17930584 -0.31148357 0.045235865
0.68 0.93095261 0.17973722 -0.31677107 0.04108794
0.69 0.92775878 0.1801276 -0.32193208 0.037034117
0.7 0.92451397 0.18047791 -0.32696608 0.033073134
0.71 0.92121946 0.18078907 -0.3318727 0.029203735
0.72 0.91787652 0.18106198 -0.33665171 0.025424666
0.73 0.91448642 0.18129756 -0.34130299 0.021734681
0.74 0.91105046 0.18149668 -0.34582655 0.018132537
0.75 0.90756989 0.18166021 -0.35022251 0.014616995
0.76 0.90404601 0.18178902 -0.3544911 0.011186819
0.77 0.90048007 0.18188395 -0.35863266 0.0078407796
0.78 0.89687335 0.18194583 -0.36264763 0.0045776497
0.79 0.89322712 0.1819755 -0.36653654 0.0013962064
0.8 0.88954262 0.18197376 -0.3703 -0.001704769
0.81 0.88582112 0.18194141 -0.37393872 -0.0047264913
0.82 0.88206385 0.18187923 -0.37745349 -0.0076701709
0.83 0.87827205 0.181788 -0.38084516 -0.010537014
0.84 0.87444695 0.18166849 -0.38411467 -0.013328223
0.85 0.87058976 0.18152144 -0.38726302 -0.016044993
0.86 0.86670169 0.18134759 -0.39029127 -0.018688518
0.87 0.86278393 0.18114767 -0.39320055 -0.021259984
0.88 0.85883768 0.18092239 -0.39599204 -0.023760573
0.89 0.85486409 0.18067246 -0.39866698 -0.026191461
0.9 0.85086434 0.18039856 -0.40122664 -0.028553818
0.91 0.84683956 0.18010138 -0.40367236 -0.030848807
0.92 0.84279089 0.17978159 -0.40600551 -0.033077587
0.93 0.83871945 0.17943983 -0.40822749 -0.035241308
0.94 0.83462634 0.17907676 -0.41033976 -0.037341114
0.95 0.83051265 0.17869301 -0.41234379 -0.039378142
0.96 0.82637946 0.1782892 -0.4142411 -0.041353519
0.97 0.82222783 0.17786594 -0.41603323 -0.043268368
0.98 0.8180588 0.17742383 -0.41772173 -0.045123801
0.99 0.8138734 0.17696346 -0.4193082 -0.046920922
1 0.80967263 0.17648541 -0.42079424 -0.048660828
1.01 0.80545751 0.17599025 -0.42218148 -0.050344603
1.02 0.801229 0.17547852 -0.42347155 -0.051973327
1.03 0.79698808 0.17495078 -0.42466612 -0.053548067
1.04 0.79273568 0.17440756 -0.42576683 -0.055069881
1.05 0.78847274 0.17384938 -0.42677537 -0.056539817
1.06 0.78420017 0.17327676 -0.42769341 -0.057958912
1.07 0.77991887 0.17269021 -0.42852265 -0.059328195
1.08 0.77562972 0.1720902 -0.42926477 -0.060648681
1.09 0.77133358 0.17147723 -0.42992145 -0.061921377
1.1 0.76703129 0.17085177 -0.4304944 -0.063147278
1.11 0.76272369 0.17021429 -0.43098531 -0.064327366
1.12 0.75841159 0.16956523 -0.43139585 -0.065462614
1.13 0.75409577 0.16890503 -0.43172771 -0.066553982
1.14 0.74977703 0.16823415 -0.43198258 -0.06760242
1.15 0.74545612 0.16755299 -0.43216211 -0.068608863
1.16 0.74113379 0.16686197 -0.43226798 -0.069574237
1.17 0.73681076 0.1661615 -0.43230184 -0.070499455
1.18 0.73248775 0.16545198 -0.43226532 -0.071385418
1.19 0.72816546 0.16473379 -0.43216007 -0.072233013
1.2 0.72384455 0.16400732 -0.43198771 -0.073043117
1.21 0.7195257 0.16327293 -0.43174983 -0.073816594
1.22 0.71520956 0.16253099 -0.43144805 -0.074554294
1.23 0.71089674 0.16178184 -0.43108392 -0.075257056
1.24 0.70658788 0.16102585 -0.43065903 -0.075925706
1.25 0.70228356 0.16026333 -0.43017491 -0.076561058
1.26 0.69798438 0.15949462 -0.4296331 -0.077163913
1.27 0.6936909 0.15872005 -0.42903511 -0.077735058
1.28 0.68940368 0.15793992 -0.42838245 -0.078275269
1.29 0.68512325 0.15715455 -0.42767658 -0.07878531
1.3 0.68085014 0.15636422 -0.42691897 -0.07926593
1.31 0.67658487 0.15556923 -0.42611106 -0.079717868
1.32 0.67232792 0.15476986 -0.42525427 -0.080141849
1.33 0.66807979 0.15396639 -0.42435001 -0.080538585
1.34 0.66384092 0.15315909 -0.42339965 -0.080908778
1.35 0.65961179 0.15234821 -0.42240456 -0.081253115
1.36 0.65539283 0.15153403 -0.42136607 -0.081572273
1.37 0.65118447 0.15071677 -0.42028552 -0.081866914
1.38 0.64698712 0.14989669 -0.4191642 -0.08213769
1.39 0.64280119 0.14907402 -0.41800338 -0.08238524
1.4 0.63862705 0.14824898 -0.41680433 -0.082610193
1.41 0.6344651 0.14742181 -0.41556829 -0.082813162
1.42 0.63031569 0.14659272 -0.41429646 -0.082994752
1.43 0.62617917 0.14576192 -0.41299005 -0.083155555
1.44 0.62205589 0.14492961 -0.41165022 -0.083296151
1.45 0.61794617 0.14409599 -0.41027813 -0.08341711
1.46 0.61385033 0.14326127 -0.4088749 -0.083518987
1.47 0.60976867 0.14242561 -0.40744166 -0.083602331
1.48 0.60570149 0.14158922 -0.40597948 -0.083667676
1.49 0.60164908 0.14075226 -0.40448944 -0.083715546
1.5 0.5976117 0.13991491 -0.40297257 -0.083746455
1.51 0.59358963 0.13907733 -0.40142991 -0.083760905
1.52 0.58958311 0.13823969 -0.39986246 -0.083759389
1.53 0.58559238 0.13740214 -0.3982712 -0.083742387
1.54 0.58161768 0.13656484 -0.3966571 -0.083710372
1.55 0.57765924 0.13572794 -0.3950211 -0.083663804
1.56 0.57371726 0.13489157 -0.39336413 -0.083603133
1.57 0.56979195 0.13405587 -0.39168708 -0.083528802
1.58 0.56588352 0.13322099 -0.38999085 -0.083441242
1.59 0.56199214 0.13238705 -0.3882763 -0.083340874
1.6 0.55811799 0.13155417 -0.38654427 -0.08322811
1.61 0.55426125 0.13072249 -0.38479558 -0.083103354
1.62 0.55042208 0.12989211 -0.38303106 -0.082966999
1.63 0.54660063 0.12906315 -0.38125148 -0.08281943
1.64 0.54279705 0.12823572 -0.37945761 -0.082661023
1.65 0.53901148 0.12740993 -0.37765021 -0.082492144
1.66 0.53524405 0.12658587 -0.37583002 -0.082313152
1.67 0.53149488 0.12576366 -0.37399774 -0.082124398
1.68 0.52776409 0.12494339 -0.37215409 -0.081926222
1.69 0.5240518 0.12412514 -0.37029973 -0.081718959
1.7 0.5203581 0.12330901 -0.36843534 -0.081502933
1.71 0.51668309 0.12249508 -0.36656157 -0.081278463
1.72 0.51302687 0.12168344 -0.36467904 -0.081045858
1.73 0.50938951 0.12087416 -0.36278838 -0.080805421
1.74 0.5057711 0.12006733 -0.36089019 -0.080557446
1.75 0.50217171 0.11926301 -0.35898504 -0.080302221
1.76 0.4985914 0.11846129 -0.35707352 -0.080040026
1.77 0.49503024 0.11766221 -0.35515617 -0.079771135
1.78 0.49148828 0.11686586 -0.35323353 -0.079495814
1.79 0.48796557 0.1160723 -0.35130614 -0.079214323
1.8 0.48446215 0.11528158 -0.3493745 -0.078926914
1.81 0.48097808 0.11449376 -0.3474391 -0.078633834
1.82 0.47751337 0.1137089 -0.34550044 -0.078335324
1.83 0.47406807 0.11292705 -0.34355898 -0.078031617
1.84 0.47064219 0.11214827 -0.34161519 -0.077722941
1.85 0.46723576 0.11137259 -0.33966949 -0.077409518
1.86 0.4638488 0.11060008 -0.33772233 -0.077091564
1.87 0.46048132 0.10983076 -0.33577413 -0.076769289
1.88 0.45713332 0.10906469 -0.33382528 -0.076442897
1.89 0.45380481 0.1083019 -0.3318762 -0.076112588
1.9 0.4504958 0.10754244 -0.32992725 -0.075778556
1.91 0.44720627 0.10678633 -0.32797881 -0.075440989
1.92 0.44393622 0.10603362 -0.32603124 -0.075100069
1.93 0.44068564 0.10528433 -0.32408489 -0.074755977
1.94 0.43745452 0.1045385 -0.3221401 -0.074408884
1.95 0.43424284 0.10379615 -0.3201972 -0.07405896
1.96 0.43105058 0.10305732 -0.31825651 -0.073706368
1.97 0.42787771 0.10232203 -0.31631833 -0.073351268
1.98 0.42472421 0.1015903 -0.31438296 -0.072993814
1.99 0.42159005 0.10086215 -0.31245069 -0.072634157
2 0.4184752 0.10013761 -0.3105218 -0.072272443
2.01 0.41537962 0.099416701 -0.30859657 -0.071908814
2.02 0.41230327 0.098699436 -0.30667524 -0.071543407
2.03 0.40924611 0.097985833 -0.30475808 -0.071176356
2.04 0.40620811 0.097275909 -0.30284532 -0.070807792
2.05 0.40318921 0.096569678 -0.30093721 -0.07043784
2.06 0.40018936 0.095867152 -0.29903396 -0.070066623
2.07 0.39720853 0.095168345 -0.29713581 -0.069694259
2.08 0.39424665 0.094473267 -0.29524295 -0.069320864
2.09 0.39130367 0.093781928 -0.29335561 -0.068946549
2.1 0.38837953 0.093094336 -0.29147396 -0.068571423
2.11 0.38547419 0.092410499 -0.2895982 -0.068195591
2.12 0.38258757 0.091730424 -0.28772852 -0.067819154
2.13 0.37971962 0.091054116 -0.28586509 -0.067442212
2.14 0.37687027 0.09038158 -0.28400808 -0.06706486
2.15 0.37403946 0.089712819 -0.28215764 -0.06668719
2.16 0.37122712 0.089047836 -0.28031395 -0.066309293
2.17 0.36843318 0.088386633 -0.27847713 -0.065931255
2.18 0.36565757 0.087729211 -0.27664735 -0.065553161
2.19 0.36290023 0.08707557 -0.27482474 -0.065175091
2.2 0.36016108 0.08642571 -0.27300943 -0.064797126
2.21 0.35744004 0.085779628 -0.27120155 -0.064419341
2.22 0.35473705 0.085137323 -0.26940121 -0.06404181
2.23 0.35205202 0.084498792 -0.26760854 -0.063664604
2.24 0.34938488 0.083864031 -0.26582364 -0.063287793
2.25 0.34673555 0.083233036 -0.26404662 -0.062911442
2.26 0.34410395 0.082605802 -0.26227759 -0.062535618
2.27 0.34149 0.081982324 -0.26051663 -0.062160381
2.28 0.33889361 0.081362594 -0.25876385 -0.061785792
2.29 0.33631472 0.080746608 -0.25701932 -0.061411909
2.3 0.33375323 0.080134356 -0.25528312 -0.061038788
2.31 0.33120906 0.079525832 -0.25355535 -0.060666483
2.32 0.32868212 0.078921027 -0.25183607 -0.060295047
2.33 0.32617233 0.078319931 -0.25012535 -0.059924529
2.34 0.32367961 0.077722536 -0.24842327 -0.059554978
2.35 0.32120387 0.077128832 -0.24672987 -0.059186442
2.36 0.31874502 0.076538807 -0.24504522 -0.058818964
2.37 0.31630297 0.075952452 -0.24336939 -0.058452588
2.38 0.31387763 0.075369756 -0.2417024 -0.058087357
2.39 0.31146892 0.074790705 -0.24004433 -0.05772331
2.4 0.30907674 0.074215289 -0.23839521 -0.057360485
2.41 0.30670101 0.073643496 -0.23675508 -0.05699892
2.42 0.30434164 0.073075311 -0.23512399 -0.056638651
2.43 0.30199853 0.072510723 -0.23350197 -0.056279712
2.44 0.2996716 0.071949717 -0.23188904 -0.055922136
2.45 0.29736075 0.07139228 -0.23028526 -0.055565954
2.46 0.2950659 0.070838398 -0.22869063 -0.055211196
2.47 0.29278694 0.070288056 -0.22710519 -0.054857892
2.48 0.29052379 0.06974124 -0.22552896 -0.05450607
2.49 0.28827636 0.069197935 -0.22396196 -0.054155755
2.5 0.28604455 0.068658125 -0.2224042 -0.053806973
2.51 0.28382828 0.068121795 -0.2208557 -0.05345975
2.52 0.28162744 0.06758893 -0.21931648 -0.053114107
2.53 0.27944195 0.067059513 -0.21778655 -0.052770067
2.54 0.27727171 0.066533529 -0.2162659 -0.052427651
2.55 0.27511663 0.06601096 -0.21475456 -0.05208688
2.56 0.27297662 0.065491791 -0.21325252 -0.051747772
2.57 0.27085158 0.064976005 -0.21175979 -0.051410346
2.58 0.26874142 0.064463584 -0.21027637 -0.051074618
2.59 0.26664605 0.063954513 -0.20880226 -0.050740607
2.6 0.26456538 0.063448772 -0.20733745 -0.050408326
2.61 0.2624993 0.062946346 -0.20588194 -0.050077791
2.62 0.26044774 0.062447216 -0.20443573 -0.049749015
2.63 0.25841059 0.061951366 -0.2029988 -0.049422012
2.64 0.25638776 0.061458776 -0.20157115 -0.049096795
2.65 0.25437917 0.06096943 -0.20015277 -0.048773374
2.66 0.25238471 0.060483309 -0.19874364 -0.048451761
2.67 0.25040429 0.060000395 -0.19734376 -0.048131966
2.68 0.24843783 0.05952067 -0.1959531 -0.047813998
2.69 0.24648523 0.059044115 -0.19457166 -0.047497867
2.7 0.2445464 0.058570712 -0.19319941 -0.04718358
2.71 0.24262125 0.058100443 -0.19183634 -0.046871146
2.72 0.24070967 0.057633289 -0.19048242 -0.046560571
2.73 0.2388116 0.057169232 -0.18913764 -0.046251863
2.74 0.23692692 0.056708252 -0.18780198 -0.045945026
2.75 0.23505556 0.056250331 -0.18647541 -0.045640066
2.76 0.23319741 0.055795451 -0.18515791 -0.045336989
2.77 0.2313524 0.055343592 -0.18384945 -0.045035798
2.78 0.22952042 0.054894735 -0.18255001 -0.044736498
2.79 0.2277014 0.054448862 -0.18125957 -0.044439091
2.8 0.22589523 0.054005953 -0.17997809 -0.044143582
2.81 0.22410184 0.05356599 -0.17870555 -0.043849972
2.82 0.22232112 0.053128954 -0.17744192 -0.043558263
2.83 0.220553 0.052694825 -0.17618717 -0.043268458
2.84 0.21879738 0.052263585 -0.17494127 -0.042980557
2.85 0.21705417 0.051835214 -0.17370419 -0.042694562
2.86 0.2153233 0.051409693 -0.17247589 -0.042410473
2.87 0.21360466 0.050987004 -0.17125636 -0.04212829
2.88 0.21189817 0.050567128 -0.17004555 -0.041848013
2.89 0.21020375 0.050150044 -0.16884343 -0.041569641
2.9 0.2085213 0.049735735 -0.16764997 -0.041293174
2.91 0.20685075 0.049324181 -0.16646514 -0.041018611
2.92 0.205192 0.048915363 -0.16528889 -0.040745951
2.93 0.20354497 0.048509262 -0.1641212 -0.04047519
2.94 0.20190957 0.048105859 -0.16296202 -0.040206329
2.95 0.20028573 0.047705135 -0.16181133 -0.039939363
2.96 0.19867335 0.047307072 -0.16066909 -0.039674292
2.97 0.19707235 0.046911649 -0.15953525 -0.039411111
2.98 0.19548264 0.04651885 -0.15840979 -0.039149819
2.99 0.19390415 0.046128653 -0.15729267 -0.038890411
3 0.19233679 0.045741041 -0.15618385 -0.038632885
3.01 0.19078047 0.045355995 -0.15508329 -0.038377236
3.02 0.18923512 0.044973497 -0.15399095 -0.038123462
3.03 0.18770066 0.044593526 -0.15290679 -0.037871557
3.04 0.18617699 0.044216066 -0.15183078 -0.037621518
3.05 0.18466404 0.043841096 -0.15076288 -0.03737334
3.06 0.18316173 0.043468599 -0.14970305 -0.037127018
3.07 0.18166998 0.043098556 -0.14865125 -0.036882549
3.08 0.18018871 0.042730948 -0.14760744 -0.036639926
3.09 0.17871783 0.042365757 -0.14657158 -0.036399145
3.1 0.17725727 0.042002965 -0.14554363 -0.036160201
3.11 0.17580696 0.041642553 -0.14452356 -0.035923089
3.12 0.1743668 0.041284503 -0.14351131 -0.035687802
3.13 0.17293673 0.040928797 -0.14250686 -0.035454335
3.14 0.17151667 0.040575417 -0.14151016 -0.035222683
3.15 0.17010653 0.040224344 -0.14052117 -0.03499284
3.16 0.16870624 0.03987556 -0.13953985 -0.0347648
3.17 0.16731573 0.039529048 -0.13856617 -0.034538556
3.18 0.16593492 0.039184789 -0.13760008 -0.034314103
3.19 0.16456373 0.038842766 -0.13664154 -0.034091435
3.2 0.16320209 0.03850296 -0.13569051 -0.033870544
3.21 0.16184992 0.038165355 -0.13474695 -0.033651425
3.22 0.16050715 0.037829932 -0.13381082 -0.033434072
3.23 0.1591737 0.037496673 -0.13288209 -0.033218477
3.24 0.15784951 0.037165562 -0.1319607 -0.033004634
3.25 0.15653449 0.036836581 -0.13104663 -0.032792537
3.26 0.15522858 0.036509711 -0.13013982 -0.032582178
3.27 0.15393169 0.036184937 -0.12924025 -0.032373551
3.28 0.15264377 0.03586224 -0.12834786 -0.032166649
3.29 0.15136474 0.035541604 -0.12746263 -0.031961466
3.3 0.15009452 0.035223011 -0.12658451 -0.031757993
3.31 0.14883305 0.034906444 -0.12571345 -0.031556225
3.32 0.14758025 0.034591887 -0.12484943 -0.031356153
3.33 0.14633606 0.034279321 -0.1239924 -0.031157772
3.34 0.1451004 0.033968731 -0.12314232 -0.030961074
3.35 0.14387321 0.0336601 -0.12229916 -0.030766052
3.36 0.14265442 0.03335341 -0.12146287 -0.030572699
3.37 0.14144396 0.033048646 -0.12063341 -0.030381007
3.38 0.14024175 0.03274579 -0.11981074 -0.03019097
3.39 0.13904774 0.032444826 -0.11899483 -0.03000258
3.4 0.13786185 0.032145739 -0.11818564 -0.02981583
3.41 0.13668403 0.03184851 -0.11738313 -0.029630713
3.42 0.13551419 0.031553124 -0.11658726 -0.029447222
3.43 0.13435228 0.031259565 -0.11579799 -0.029265349
3.44 0.13319823 0.030967817 -0.11501528 -0.029085087
3.45 0.13205198 0.030677864 -0.1142391 -0.028906429
3.46 0.13091345 0.030389689 -0.11346941 -0.028729367
3.47 0.12978259 0.030103276 -0.11270616 -0.028553895
3.48 0.12865933 0.029818611 -0.11194933 -0.028380005
3.49 0.1275436 0.029535676 -0.11119887 -0.028207691
3.5 0.12643535 0.029254457 -0.11045475 -0.028036943
3.51 0.12533451 0.028974938 -0.10971693 -0.027867757
3.52 0.12424101 0.028697102 -0.10898537 -0.027700124
3.53 0.1231548 0.028420935 -0.10826004 -0.027534036
3.54 0.12207581 0.028146421 -0.10754091 -0.027369488
3.55 0.12100398 0.027873545 -0.10682792 -0.027206472
3.56 0.11993925 0.027602292 -0.10612105 -0.027044981
3.57 0.11888156 0.027332646 -0.10542027 -0.026885007
3.58 0.11783085 0.027064592 -0.10472553 -0.026726543
3.59 0.11678705 0.026798115 -0.1040368 -0.026569583
3.6 0.11575011 0.0265332 -0.10335405 -0.02641412
3.61 0.11471997 0.026269833 -0.10267723 -0.026260146
3.62 0.11369657 0.026007997 -0.10200633 -0.026107654
3.63 0.11267984 0.025747679 -0.10134129 -0.025956638
3.64 0.11166974 0.025488865 -0.10068209 -0.02580709
3.65 0.1106662 0.025231538 -0.10002869 -0.025659005
3.66 0.10966917 0.024975684 -0.099381057 -0.025512373
3.67 0.10867858 0.02472129 -0.09873916 -0.02536719
3.68 0.10769438 0.024468341 -0.098102962 -0.025223449
3.69 0.10671652 0.024216821 -0.097472431 -0.025081141
3.7 0.10574494 0.023966718 -0.096847534 -0.024940261
3.71 0.10477957 0.023718016 -0.096228238 -0.024800803
3.72 0.10382037 0.023470702 -0.095614509 -0.024662758
3.73 0.10286728 0.023224761 -0.095006315 -0.024526122
3.74 0.10192025 0.022980179 -0.094403624 -0.024390887
3.75 0.10097921 0.022736943 -0.093806404 -0.024257046
3.76 0.10004412 0.022495039 -0.093214622 -0.024124594
3.77 0.099114916 0.022254451 -0.092628248 -0.023993523
3.78 0.098191552 0.022015168 -0.09204725 -0.023863828
3.79 0.097273971 0.021777175 -0.091471596 -0.023735501
3.8 0.09636212 0.021540458 -0.090901256 -0.023608538
3.81 0.095455946 0.021305004 -0.090336199 -0.023482931
3.82 0.094555396 0.021070799 -0.089776394 -0.023358674
3.83 0.093660419 0.020837831 -0.089221811 -0.023235761
3.84 0.09277096 0.020606084 -0.08867242 -0.023114186
3.85 0.09188697 0.020375547 -0.088128191 -0.022993943
3.86 0.091008397 0.020146205 -0.087589094 -0.022875026
3.87 0.090135188 0.019918046 -0.087055101 -0.022757428
3.88 0.089267295 0.019691057 -0.086526182 -0.022641145
3.89 0.088404665 0.019465224 -0.086002308 -0.022526169
3.9 0.087547249 0.019240534 -0.08548345 -0.022412495
3.91 0.086694996 0.019016974 -0.08496958 -0.022300118
3.92 0.085847857 0.018794531 -0.084460671 -0.022189032
3.93 0.085005783 0.018573193 -0.083956692 -0.02207923
3.94 0.084168723 0.018352947 -0.083457618 -0.021970708
3.95 0.08333663 0.018133779 -0.082963421 -0.02186346
3.96 0.082509455 0.017915677 -0.082474073 -0.021757479
3.97 0.081687149 0.017698629 -0.081989547 -0.021652762
3.98 0.080869664 0.017482622 -0.081509816 -0.021549301
3.99 0.080056953 0.017267643 -0.081034854 -0.021447093
4 0.079248967 0.01705368 -0.080564635 -0.021346131
4.01 0.07844566 0.016840721 -0.080099131 -0.021246411
4.02 0.077646985 0.016628752 -0.079638319 -0.021147926
4.03 0.076852894 0.016417762 -0.079182171 -0.021050673
4.04 0.076063341 0.016207739 -0.078730662 -0.020954645
4.05 0.075278281 0.015998669 -0.078283767 -0.020859838
4.06 0.074497666 0.015790542 -0.077841462 -0.020766247
4.07 0.073721451 0.015583344 -0.077403721 -0.020673867
4.08 0.072949592 0.015377065 -0.076970519 -0.020582693
4.09 0.072182041 0.015171691 -0.076541834 -0.02049272
4.1 0.071418755 0.01496721 -0.07611764 -0.020403943
4.11 0.070659688 0.014763612 -0.075697913 -0.020316358
4.12 0.069904797 0.014560883 -0.075282631 -0.02022996
4.13 0.069154036 0.014359013 -0.074871769 -0.020144744
4.14 0.068407361 0.014157988 -0.074465305 -0.020060706
4.15 0.06766473 0.013957798 -0.074063216 -0.019977841
4.16 0.066926097 0.013758431 -0.073665478 -0.019896145
4.17 0.06619142 0.013559876 -0.073272071 -0.019815614
4.18 0.065460656 0.013362119 -0.07288297 -0.019736242
4.19 0.064733761 0.013165151 -0.072498155 -0.019658027
4.2 0.064010693 0.012968959 -0.072117603 -0.019580963
4.21 0.063291409 0.012773531 -0.071741293 -0.019505047
4.22 0.062575867 0.012578858 -0.071369203 -0.019430274
4.23 0.061864025 0.012384926 -0.071001314 -0.01935664
4.24 0.061155841 0.012191725 -0.070637602 -0.019284142
4.25 0.060451273 0.011999243 -0.070278049 -0.019212775
4.26 0.05975028 0.011807469 -0.069922633 -0.019142536
4.27 0.05905282 0.011616392 -0.069571334 -0.01907342
4.28 0.058358853 0.011426001 -0.069224132 -0.019005424
4.29 0.057668338 0.011236284 -0.068881008 -0.018938544
4.3 0.056981233 0.01104723 -0.068541941 -0.018872777
4.31 0.056297499 0.010858828 -0.068206913 -0.018808119
4.32 0.055617095 0.010671068 -0.067875905 -0.018744567
4.33 0.054939981 0.010483937 -0.067548896 -0.018682116
4.34 0.054266117 0.010297425 -0.06722587 -0.018620764
4.35 0.053595464 0.010111522 -0.066906807 -0.018560507
4.36 0.052927981 0.0099262153 -0.066591689 -0.018501342
4.37 0.05226363 0.009741495 -0.066280497 -0.018443266
4.38 0.051602371 0.00955735 -0.065973215 -0.018386275
4.39 0.050944166 0.0093737695 -0.065669824 -0.018330366
4.4 0.050288975 0.0091907427 -0.065370308 -0.018275536
4.41 0.049636759 0.0090082588 -0.065074648 -0.018221783
4.42 0.048987482 0.0088263071 -0.064782828 -0.018169103
4.43 0.048341103 0.0086448768 -0.064494832 -0.018117493
4.44 0.047697585 0.0084639572 -0.064210642 -0.01806695
4.45 0.04705689 0.0082835378 -0.063930242 -0.018017473
4.46 0.04641898 0.0081036078 -0.063653616 -0.017969057
4.47 0.045783818 0.0079241566 -0.063380748 -0.0179217
4.48 0.045151365 0.0077451738 -0.063111623 -0.017875401
4.49 0.044521585 0.0075666486 -0.062846225 -0.017830155
4.5 0.043894441 0.0073885707 -0.062584539 -0.01778596
4.51 0.043269895 0.0072109294 -0.062326549 -0.017742815
4.52 0.04264791 0.0070337144 -0.062072241 -0.017700717
4.53 0.04202845 0.0068569151 -0.0618216 -0.017659663
4.54 0.041411478 0.0066805211 -0.061574611 -0.017619651
4.55 0.040796958 0.0065045221 -0.061331261 -0.017580679
4.56 0.040184853 0.0063289076 -0.061091535 -0.017542745
4.57 0.039575127 0.0061536672 -0.060855419 -0.017505846
4.58 0.038967744 0.0059787906 -0.0606229 -0.017469981
4.59 0.038362669 0.0058042676 -0.060393965 -0.017435148
4.6 0.037759865 0.0056300877 -0.060168599 -0.017401344
4.61 0.037159297 0.0054562407 -0.05994679 -0.017368568
4.62 0.036560929 0.0052827163 -0.059728526 -0.017336818
4.63 0.035964727 0.0051095044 -0.059513793 -0.017306092
4.64 0.035370654 0.0049365945 -0.059302579 -0.017276389
4.65 0.034778675 0.0047639766 -0.059094872 -0.017247706
4.66 0.034188756 0.0045916404 -0.05889066 -0.017220043
4.67 0.033600862 0.0044195757 -0.05868993 -0.017193397
4.68 0.033014958 0.0042477725 -0.058492672 -0.017167768
4.69 0.032431009 0.0040762204 -0.058298874 -0.017143153
4.7 0.03184898 0.0039049094 -0.058108525 -0.017119552
4.71 0.031268838 0.0037338293 -0.057921613 -0.017096964
4.72 0.030690548 0.0035629701 -0.057738128 -0.017075386
4.73 0.030114076 0.0033923216 -0.057558059 -0.017054818
4.74 0.029539387 0.0032218738 -0.057381395 -0.017035258
4.75 0.028966448 0.0030516165 -0.057208127 -0.017016706
4.76 0.028395224 0.0028815396 -0.057038244 -0.01699916
4.77 0.027825683 0.0027116333 -0.056871737 -0.01698262
4.78 0.02725779 0.0025418872 -0.056708595 -0.016967085
4.79 0.026691511 0.0023722916 -0.05654881 -0.016952554
4.8 0.026126813 0.0022028362 -0.056392372 -0.016939025
4.81 0.025563663 0.0020335111 -0.056239271 -0.016926499
4.82 0.025002028 0.0018643062 -0.0560895 -0.016914974
4.83 0.024441874 0.0016952116 -0.055943048 -0.01690445
4.84 0.023883167 0.0015262172 -0.055799909 -0.016894927
4.85 0.023325875 0.001357313 -0.055660073 -0.016886404
4.86 0.022769966 0.0011884891 -0.055523532 -0.01687888
4.87 0.022215405 0.0010197354 -0.055390278 -0.016872355
4.88 0.02166216 0.00085104202 -0.055260305 -0.016866829
4.89 0.021110199 0.00068239886 -0.055133603 -0.016862302
4.9 0.020559488 0.00051379599 -0.055010166 -0.016858772
4.91 0.020009995 0.00034522341 -0.054889986 -0.016856241
4.92 0.019461688 0.00017667116 -0.054773057 -0.016854708
4.93 0.018914534 8.1292508e-06 -0.054659371 -0.016854173
4.94 0.018368501 -0.0001604123 -0.054548922 -0.016854636
4.95 0.017823556 -0.00032896347 -0.054441704 -0.016856097
4.96 0.017279667 -0.00049753424 -0.054337711 -0.016858556
4.97 0.016736802 -0.00066613459 -0.054236936 -0.016862013
4.98 0.016194928 -0.00083477451 -0.054139373 -0.01686647
4.99 0.015654014 -0.001003464 -0.054045017 -0.016871925
5 0.015114028 -0.001172213 -0.053953862 -0.016878379
5.01 0.014574937 -0.0013410316 -0.053865903 -0.016885833
5.02 0.01403671 -0.0015099297 -0.053781135 -0.016894288
5.03 0.013499314 -0.0016789173 -0.053699553 -0.016903743
5.04 0.012962719 -0.0018480045 -0.053621152 -0.016914199
5.05 0.012426891 -0.0020172013 -0.053545928 -0.016925657
5.06 0.0118918 -0.0021865177 -0.053473876 -0.016938119
5.07 0.011357414 -0.0023559637 -0.053404992 -0.016951583
5.08 0.0108237 -0.0025255493 -0.053339272 -0.016966052
5.09 0.010290628 -0.0026952847 -0.053276713 -0.016981526
5.1 0.0097581661 -0.0028651799 -0.053217309 -0.016998006
5.11 0.0092262821 -0.0030352448 -0.05316106 -0.017015494
5.12 0.0086949449 -0.0032054897 -0.05310796 -0.017033989
5.13 0.0081641229 -0.0033759246 -0.053058006 -0.017053494
5.14 0.0076337848 -0.0035465596 -0.053011197 -0.017074009
5.15 0.007103899 -0.0037174048 -0.052967529 -0.017095536
5.16 0.0065744342 -0.0038884703 -0.052926999 -0.017118077
5.17 0.006045359 -0.0040597663 -0.052889606 -0.017141631
5.18 0.0055166421 -0.004231303 -0.052855347 -0.017166202
5.19 0.0049882521 -0.0044030904 -0.052824221 -0.017191789
5.2 0.0044601577 -0.0045751388 -0.052796224 -0.017218396
5.21 0.0039323276 -0.0047474583 -0.052771357 -0.017246023
5.22 0.0034047306 -0.0049200592 -0.052749616 -0.017274672
5.23 0.0028773353 -0.0050929517 -0.052731002 -0.017304345
5.24 0.0023501105 -0.0052661461 -0.052715514 -0.017335043
5.25 0.001823025 -0.0054396526 -0.052703149 -0.017366769
5.26 0.0012960475 -0.0056134815 -0.052693908 -0.017399525
5.27 0.00076914687 -0.0057876431 -0.05268779 -0.017433311
5.28 0.00024229176 -0.0059621477 -0.052684794 -0.017468131
5.29 -0.00028454901 -0.0061370057 -0.052684921 -0.017503986
5.3 -0.00081140667 -0.0063122275 -0.052688171 -0.017540879
5.31 -0.0013383124 -0.0064878233 -0.052694544 -0.017578812
5.32 -0.0018652975 -0.0066638037 -0.05270404 -0.017617786
5.33 -0.0023923932 -0.0068401791 -0.052716659 -0.017657805
5.34 -0.0029196307 -0.0070169598 -0.052732404 -0.017698871
5.35 -0.0034470413 -0.0071941565 -0.052751274 -0.017740986
5.36 -0.0039746562 -0.0073717796 -0.052773271 -0.017784152
5.37 -0.0045025067 -0.0075498395 -0.052798396 -0.017828373
5.38 -0.0050306241 -0.007728347 -0.05282665 -0.01787365
5.39 -0.0055590397 -0.0079073125 -0.052858036 -0.017919987
5.4 -0.0060877848 -0.0080867468 -0.052892555 -0.017967386
5.41 -0.0066168908 -0.0082666603 -0.05293021 -0.018015851
5.42 -0.007146389 -0.0084470638 -0.052971002 -0.018065383
5.43 -0.0076763109 -0.008627968 -0.053014934 -0.018115987
5.44 -0.0082066877 -0.0088093835 -0.053062008 -0.018167664
5.45 -0.008737551 -0.0089913213 -0.053112229 -0.018220419
5.46 -0.0092689323 -0.0091737919 -0.053165597 -0.018274254
5.47 -0.009800863 -0.0093568063 -0.053222118 -0.018329172
5.48 -0.010333375 -0.0095403754 -0.053281793 -0.018385177
5.49 -0.010866499 -0.0097245099 -0.053344627 -0.018442271
5.5 -0.011400267 -0.0099092208 -0.053410623 -0.018500459
5.51 -0.011934711 -0.010094519 -0.053479785 -0.018559744
5.52 -0.012469863 -0.010280416 -0.053552118 -0.01862013
5.53 -0.013005754 -0.010466922 -0.053627626 -0.018681619
5.54 -0.013542415 -0.010654048 -0.053706313 -0.018744216
5.55 -0.01407988 -0.010841806 -0.053788183 -0.018807924
5.56 -0.014618179 -0.011030207 -0.053873243 -0.018872747
5.57 -0.015157345 -0.011219261 -0.053961496 -0.018938689
5.58 -0.015697409 -0.01140898 -0.054052948 -0.019005754
5.59 -0.016238404 -0.011599376 -0.054147605 -0.019073946
5.6 -0.016780361 -0.011790459 -0.054245472 -0.019143269
5.61 -0.017323313 -0.011982241 -0.054346555 -0.019213727
5.62 -0.017867292 -0.012174734 -0.054450859 -0.019285324
5.63 -0.01841233 -0.012367948 -0.054558392 -0.019358064
5.64 -0.01895846 -0.012561895 -0.05466916 -0.019431952
5.65 -0.019505714 -0.012756587 -0.054783168 -0.019506992
5.66 -0.020054124 -0.012952035 -0.054900425 -0.019583189
5.67 -0.020603722 -0.013148251 -0.055020936 -0.019660547
5.68 -0.021154542 -0.013345246 -0.055144709 -0.019739071
5.69 -0.021706616 -0.013543032 -0.055271752 -0.019818765
5.7 -0.022259977 -0.013741621 -0.055402071 -0.019899634
5.71 -0.022814658 -0.013941025 -0.055535675 -0.019981683
5.72 -0.023370691 -0.014141255 -0.055672572 -0.020064917
5.73 -0.023928109 -0.014342323 -0.055812769 -0.02014934
5.74 -0.024486946 -0.014544242 -0.055956276 -0.020234958
5.75 -0.025047235 -0.014747022 -0.0561031 -0.020321776
5.76 -0.025609008 -0.014950677 -0.05625325 -0.020409799
5.77 -0.0261723 -0.015155218 -0.056406735 -0.020499032
5.78 -0.026737143 -0.015360658 -0.056563565 -0.02058948
5.79 -0.027303571 -0.015567008 -0.056723748 -0.02068115
5.8 -0.027871618 -0.015774281 -0.056887295 -0.020774045
5.81 -0.028441317 -0.015982489 -0.057054214 -0.020868172
5.82 -0.029012702 -0.016191644 -0.057224515 -0.020963537
5.83 -0.029585807 -0.01640176 -0.05739821 -0.021060144
5.84 -0.030160666 -0.016612847 -0.057575307 -0.021158
5.85 -0.030737314 -0.01682492 -0.057755819 -0.021257111
5.86 -0.031315783 -0.01703799 -0.057939754 -0.021357482
5.87 -0.031896109 -0.017252069 -0.058127125 -0.02145912
5.88 -0.032478325 -0.017467172 -0.058317942 -0.02156203
5.89 -0.033062468 -0.01768331 -0.058512217 -0.021666218
5.9 -0.03364857 -0.017900496 -0.05870996 -0.021771691
5.91 -0.034236667 -0.018118744 -0.058911185 -0.021878455
5.92 -0.034826794 -0.018338065 -0.059115903 -0.021986516
5.93 -0.035418985 -0.018558474 -0.059324125 -0.022095881
5.94 -0.036013276 -0.018779983 -0.059535865 -0.022206556
5.95 -0.036609702 -0.019002605 -0.059751135 -0.022318548
5.96 -0.037208299 -0.019226354 -0.059969947 -0.022431863
5.97 -0.037809101 -0.019451243 -0.060192315 -0.022546508
5.98 -0.038412145 -0.019677284 -0.060418252 -0.02266249
5.99 -0.039017466 -0.019904492 -0.060647771 -0.022779816
6 -0.039625101 -0.020132881 -0.060880886 -0.022898492
6.01 -0.040235084 -0.020362462 -0.061117611 -0.023018526
6.02 -0.040847453 -0.020593251 -0.061357959 -0.023139925
6.03 -0.041462243 -0.020825261 -0.061601945 -0.023262696
6.04 -0.042079492 -0.021058505 -0.061849584 -0.023386846
6.05 -0.042699235 -0.021292998 -0.06210089 -0.023512383
6.06 -0.04332151 -0.021528753 -0.062355877 -0.023639314
6.07 -0.043946353 -0.021765784 -0.062614562 -0.023767647
6.08 -0.044573801 -0.022004106 -0.062876959 -0.023897389
6.09 -0.045203892 -0.022243732 -0.063143085 -0.024028548
6.1 -0.045836663 -0.022484677 -0.063412954 -0.024161132
6.11 -0.046472151 -0.022726954 -0.063686583 -0.024295148
6.12 -0.047110394 -0.02297058 -0.063963988 -0.024430605
6.13 -0.047751431 -0.023215567 -0.064245185 -0.02456751
6.14 -0.048395298 -0.02346193 -0.064530191 -0.024705873
6.15 -0.049042035 -0.023709684 -0.064819024 -0.0248457
6.16 -0.049691679 -0.023958844 -0.0651117 -0.024987
6.17 -0.050344269 -0.024209424 -0.065408236 -0.025129781
6.18 -0.050999843 -0.02446144 -0.06570865 -0.025274053
6.19 -0.051658442 -0.024714905 -0.06601296 -0.025419824
6.2 -0.052320103 -0.024969836 -0.066321185 -0.025567101
6.21 -0.052984865 -0.025226247 -0.066633341 -0.025715895
6.22 -0.053652769 -0.025484154 -0.066949448 -0.025866213
6.23 -0.054323854 -0.025743571 -0.067269525 -0.026018065
6.24 -0.05499816 -0.026004515 -0.06759359 -0.026171459
6.25 -0.055675726 -0.026267001 -0.067921663 -0.026326406
6.26 -0.056356593 -0.026531043 -0.068253763 -0.026482913
6.27 -0.057040802 -0.026796659 -0.06858991 -0.026640991
6.28 -0.057728392 -0.027063863 -0.068930123 -0.026800648
6.29 -0.058419404 -0.027332672 -0.069274424 -0.026961894
6.3 -0.05911388 -0.027603101 -0.069622832 -0.027124739
6.31 -0.059811861 -0.027875167 -0.069975367 -0.027289193
6.32 -0.060513387 -0.028148885 -0.070332052 -0.027455264
6.33 -0.061218502 -0.028424272 -0.070692907 -0.027622963
6.34 -0.061927246 -0.028701344 -0.071057953 -0.0277923
6.35 -0.062639661 -0.028980118 -0.071427212 -0.027963285
6.36 -0.06335579 -0.02926061 -0.071800706 -0.028135928
6.37 -0.064075675 -0.029542837 -0.072178458 -0.028310239
6.38 -0.064799359 -0.029826815 -0.072560489 -0.028486229
6.39 -0.065526885 -0.030112561 -0.072946822 -0.028663908
6.4 -0.066258296 -0.030400093 -0.07333748 -0.028843286
6.41 -0.066993635 -0.030689427 -0.073732486 -0.029024374
6.42 -0.067732945 -0.030980581 -0.074131864 -0.029207184
6.43 -0.068476272 -0.031273571 -0.074535637 -0.029391725
6.44 -0.069223658 -0.031568415 -0.07494383 -0.029578009
6.45 -0.069975149 -0.031865131 -0.075356466 -0.029766046
6.46 -0.070730788 -0.032163736 -0.07577357 -0.029955849
6.47 -0.07149062 -0.032464248 -0.076195166 -0.030147427
6.48 -0.072254691 -0.032766685 -0.076621281 -0.030340793
6.49 -0.073023046 -0.033071064 -0.077051938 -0.030535959
6.5 -0.07379573 -0.033377404 -0.077487164 -0.030732934
6.51 -0.074572789 -0.033685723 -0.077926984 -0.030931732
6.52 -0.07535427 -0.033996038 -0.078371424 -0.031132364
6.53 -0.076140218 -0.03430837 -0.078820511 -0.031334842
6.54 -0.07693068 -0.034622735 -0.079274271 -0.031539177
6.55 -0.077725703 -0.034939153 -0.079732732 -0.031745383
6.56 -0.078525335 -0.035257643 -0.080195919 -0.031953471
6.57 -0.079329622 -0.035578223 -0.080663862 -0.032163453
6.58 -0.080138612 -0.035900912 -0.081136587 -0.032375342
6.59 -0.080952353 -0.03622573 -0.081614123 -0.032589152
6.6 -0.081770894 -0.036552695 -0.082096498 -0.032804893
6.61 -0.082594283 -0.036881828 -0.082583741 -0.033022579
6.62 -0.083422569 -0.037213147 -0.08307588 -0.033242223
6.63 -0.084255801 -0.037546672 -0.083572944 -0.033463839
6.64 -0.085094028 -0.037882424 -0.084074964 -0.033687438
6.65 -0.0859373 -0.038220421 -0.084581968 -0.033913035
6.66 -0.086785668 -0.038560684 -0.085093987 -0.034140642
6.67 -0.08763918 -0.038903234 -0.085611052 -0.034370274
6.68 -0.088497889 -0.03924809 -0.086133192 -0.034601944
6.69 -0.089361844 -0.039595273 -0.08666044 -0.034835665
6.7 -0.090231098 -0.039944803 -0.087192825 -0.035071452
6.71 -0.091105701 -0.040296702 -0.08773038 -0.035309318
6.72 -0.091985705 -0.04065099 -0.088273137 -0.035549277
6.73 -0.092871164 -0.041007687 -0.088821127 -0.035791345
6.74 -0.093762128 -0.041366816 -0.089374384 -0.036035534
6.75 -0.094658651 -0.041728398 -0.08993294 -0.03628186
6.76 -0.095560787 -0.042092454 -0.090496827 -0.036530337
6.77 -0.096468588 -0.042459005 -0.091066081 -0.036780981
6.78 -0.097382109 -0.042828073 -0.091640734 -0.037033805
6.79 -0.098301403 -0.043199681 -0.09222082 -0.037288824
6.8 -0.099226525 -0.04357385 -0.092806374 -0.037546055
6.81 -0.10015753 -0.043950602 -0.09339743 -0.037805512
6.82 -0.10109447 -0.04432996 -0.093994024 -0.03806721
6.83 -0.10203741 -0.044711946 -0.094596191 -0.038331165
6.84 -0.1029864 -0.045096583 -0.095203966 -0.038597393
6.85 -0.10394149 -0.045483894 -0.095817386 -0.038865909
6.86 -0.10490275 -0.045873902 -0.096436488 -0.03913673
6.87 -0.10587022 -0.046266629 -0.097061306 -0.039409871
6.88 -0.10684397 -0.046662099 -0.09769188 -0.039685349
6.89 -0.10782406 -0.047060336 -0.098328246 -0.03996318
6.9 -0.10881054 -0.047461363 -0.098970442 -0.040243381
6.91 -0.10980347 -0.047865204 -0.099618505 -0.040525967
6.92 -0.11080291 -0.048271882 -0.10027248 -0.040810956
6.93 -0.11180892 -0.048681423 -0.10093239 -0.041098365
6.94 -0.11282155 -0.04909385 -0.10159829 -0.041388211
6.95 -0.11384088 -0.049509187 -0.10227021 -0.04168051
6.96 -0.11486696 -0.04992746 -0.1029482 -0.041975281
6.97 -0.11589985 -0.050348693 -0.10363229 -0.04227254
6.98 -0.11693961 -0.050772911 -0.10432253 -0.042572306
6.99 -0.1179863 -0.051200139 -0.10501895 -0.042874596
7 -0.11903998 -0.051630403 -0.10572159 -0.043179428
